       120
         1         22        243        245         32
         2        243        133        142        245
        21         32        245        246         33
        22        245        142        141        246
        41         33        246        247         34
        42        246        141        140        247
        61         34        247        248         35
        62        247        140        139        248
        81         35        248        249         36
        82        248        139        138        249
       101         36        249        250         37
       102        249        138        137        250
       121         37        250        251         38
       122        250        137        136        251
       141         38        251        252         39
       142        251        136        135        252
       161         39        252        253         40
       162        252        135        134        253
       181         40        253        244          1
       182        253        134        123        244
       291        583        376        365        502
       292        574        377        376        583
       293        565        378        377        574
       294        556        379        378        565
       295        547        380        379        556
       296        538        381        380        547
       297        529        382        381        538
       298        520        383        382        529
       299        511        384        383        520
       300        493        375        384        511
       391        582        583        502        501
       392        573        574        583        582
       393        564        565        574        573
       394        555        556        565        564
       395        546        547        556        555
       396        537        538        547        546
       397        528        529        538        537
       398        519        520        529        528
       399        510        511        520        519
       400        492        493        511        510
       491        581        582        501        500
       492        572        573        582        581
       493        563        564        573        572
       494        554        555        564        563
       495        545        546        555        554
       496        536        537        546        545
       497        527        528        537        536
       498        518        519        528        527
       499        509        510        519        518
       500        491        492        510        509
       591        580        581        500        499
       592        571        572        581        580
       593        562        563        572        571
       594        553        554        563        562
       595        544        545        554        553
       596        535        536        545        544
       597        526        527        536        535
       598        517        518        527        526
       599        508        509        518        517
       600        490        491        509        508
       691        579        580        499        498
       692        570        571        580        579
       693        561        562        571        570
       694        552        553        562        561
       695        543        544        553        552
       696        534        535        544        543
       697        525        526        535        534
       698        516        517        526        525
       699        507        508        517        516
       700        489        490        508        507
       791        578        579        498        497
       792        569        570        579        578
       793        560        561        570        569
       794        551        552        561        560
       795        542        543        552        551
       796        533        534        543        542
       797        524        525        534        533
       798        515        516        525        524
       799        506        507        516        515
       800        488        489        507        506
       891        577        578        497        496
       892        568        569        578        577
       893        559        560        569        568
       894        550        551        560        559
       895        541        542        551        550
       896        532        533        542        541
       897        523        524        533        532
       898        514        515        524        523
       899        505        506        515        514
       900        487        488        506        505
       991        576        577        496        495
       992        567        568        577        576
       993        558        559        568        567
       994        549        550        559        558
       995        540        541        550        549
       996        531        532        541        540
       997        522        523        532        531
       998        513        514        523        522
       999        504        505        514        513
      1000        486        487        505        504
      1091        575        576        495        494
      1092        566        567        576        575
      1093        557        558        567        566
      1094        548        549        558        557
      1095        539        540        549        548
      1096        530        531        540        539
      1097        521        522        531        530
      1098        512        513        522        521
      1099        503        504        513        512
      1100        485        486        504        503
      1191        134        575        494        123
      1192        135        566        575        134
      1193        136        557        566        135
      1194        137        548        557        136
      1195        138        539        548        137
      1196        139        530        539        138
      1197        140        521        530        139
      1198        141        512        521        140
      1199        142        503        512        141
      1200        133        485        503        142
