       100
       201        364        366        404        403
       202        403        404        413        402
       203        402        413        422        401
       204        401        422        431        400
       205        400        431        440        399
       206        399        440        449        398
       207        398        449        458        397
       208        397        458        467        396
       209        396        467        476        395
       210        395        476        394        385
       211        366        367        405        404
       212        404        405        414        413
       213        413        414        423        422
       214        422        423        432        431
       215        431        432        441        440
       216        440        441        450        449
       217        449        450        459        458
       218        458        459        468        467
       219        467        468        477        476
       220        476        477        393        394
       221        367        368        406        405
       222        405        406        415        414
       223        414        415        424        423
       224        423        424        433        432
       225        432        433        442        441
       226        441        442        451        450
       227        450        451        460        459
       228        459        460        469        468
       229        468        469        478        477
       230        477        478        392        393
       231        368        369        407        406
       232        406        407        416        415
       233        415        416        425        424
       234        424        425        434        433
       235        433        434        443        442
       236        442        443        452        451
       237        451        452        461        460
       238        460        461        470        469
       239        469        470        479        478
       240        478        479        391        392
       241        369        370        408        407
       242        407        408        417        416
       243        416        417        426        425
       244        425        426        435        434
       245        434        435        444        443
       246        443        444        453        452
       247        452        453        462        461
       248        461        462        471        470
       249        470        471        480        479
       250        479        480        390        391
       251        370        371        409        408
       252        408        409        418        417
       253        417        418        427        426
       254        426        427        436        435
       255        435        436        445        444
       256        444        445        454        453
       257        453        454        463        462
       258        462        463        472        471
       259        471        472        481        480
       260        480        481        389        390
       261        371        372        410        409
       262        409        410        419        418
       263        418        419        428        427
       264        427        428        437        436
       265        436        437        446        445
       266        445        446        455        454
       267        454        455        464        463
       268        463        464        473        472
       269        472        473        482        481
       270        481        482        388        389
       271        372        373        411        410
       272        410        411        420        419
       273        419        420        429        428
       274        428        429        438        437
       275        437        438        447        446
       276        446        447        456        455
       277        455        456        465        464
       278        464        465        474        473
       279        473        474        483        482
       280        482        483        387        388
       281        373        374        412        411
       282        411        412        421        420
       283        420        421        430        429
       284        429        430        439        438
       285        438        439        448        447
       286        447        448        457        456
       287        456        457        466        465
       288        465        466        475        474
       289        474        475        484        483
       290        483        484        386        387
       291        374        365        376        412
       292        412        376        377        421
       293        421        377        378        430
       294        430        378        379        439
       295        439        379        380        448
       296        448        380        381        457
       297        457        381        382        466
       298        466        382        383        475
       299        475        383        384        484
       300        484        384        375        386
