       120
         1         31        263        243         22
         2        263        144        133        243
         3         30        262        263         31
         4        262        145        144        263
         5         29        261        262         30
         6        261        146        145        262
         7         28        260        261         29
         8        260        147        146        261
         9         27        259        260         28
        10        259        148        147        260
        11         26        258        259         27
        12        258        149        148        259
        13         25        257        258         26
        14        257        150        149        258
        15         24        256        257         25
        16        256        151        150        257
        17         23        255        256         24
        18        255        152        151        256
        19         12        254        255         23
        20        254        143        152        255
       210        592        385        394        601
       220        601        394        393        610
       230        610        393        392        619
       240        619        392        391        628
       250        628        391        390        637
       260        637        390        389        646
       270        646        389        388        655
       280        655        388        387        664
       290        664        387        386        673
       300        673        386        375        493
       310        591        592        601        600
       320        600        601        610        609
       330        609        610        619        618
       340        618        619        628        627
       350        627        628        637        636
       360        636        637        646        645
       370        645        646        655        654
       380        654        655        664        663
       390        663        664        673        672
       400        672        673        493        492
       410        590        591        600        599
       420        599        600        609        608
       430        608        609        618        617
       440        617        618        627        626
       450        626        627        636        635
       460        635        636        645        644
       470        644        645        654        653
       480        653        654        663        662
       490        662        663        672        671
       500        671        672        492        491
       510        589        590        599        598
       520        598        599        608        607
       530        607        608        617        616
       540        616        617        626        625
       550        625        626        635        634
       560        634        635        644        643
       570        643        644        653        652
       580        652        653        662        661
       590        661        662        671        670
       600        670        671        491        490
       610        588        589        598        597
       620        597        598        607        606
       630        606        607        616        615
       640        615        616        625        624
       650        624        625        634        633
       660        633        634        643        642
       670        642        643        652        651
       680        651        652        661        660
       690        660        661        670        669
       700        669        670        490        489
       710        587        588        597        596
       720        596        597        606        605
       730        605        606        615        614
       740        614        615        624        623
       750        623        624        633        632
       760        632        633        642        641
       770        641        642        651        650
       780        650        651        660        659
       790        659        660        669        668
       800        668        669        489        488
       810        586        587        596        595
       820        595        596        605        604
       830        604        605        614        613
       840        613        614        623        622
       850        622        623        632        631
       860        631        632        641        640
       870        640        641        650        649
       880        649        650        659        658
       890        658        659        668        667
       900        667        668        488        487
       910        585        586        595        594
       920        594        595        604        603
       930        603        604        613        612
       940        612        613        622        621
       950        621        622        631        630
       960        630        631        640        639
       970        639        640        649        648
       980        648        649        658        657
       990        657        658        667        666
      1000        666        667        487        486
      1010        584        585        594        593
      1020        593        594        603        602
      1030        602        603        612        611
      1040        611        612        621        620
      1050        620        621        630        629
      1060        629        630        639        638
      1070        638        639        648        647
      1080        647        648        657        656
      1090        656        657        666        665
      1100        665        666        486        485
      1110        143        584        593        152
      1120        152        593        602        151
      1130        151        602        611        150
      1140        150        611        620        149
      1150        149        620        629        148
      1160        148        629        638        147
      1170        147        638        647        146
      1180        146        647        656        145
      1190        145        656        665        144
      1200        144        665        485        133
