       120
       181          1        244        274          3
       182        244        123        132        274
       183          3        274        275          4
       184        274        132        131        275
       185          4        275        276          5
       186        275        131        130        276
       187          5        276        277          6
       188        276        130        129        277
       189          6        277        278          7
       190        277        129        128        278
       191          7        278        279          8
       192        278        128        127        279
       193          8        279        280          9
       194        279        127        126        280
       195          9        280        281         10
       196        280        126        125        281
       197         10        281        282         11
       198        281        125        124        282
       199         11        282        264          2
       200        282        124        122        264
       201        844        366        364        682
       211        835        367        366        844
       221        826        368        367        835
       231        817        369        368        826
       241        808        370        369        817
       251        799        371        370        808
       261        790        372        371        799
       271        781        373        372        790
       281        772        374        373        781
       291        502        365        374        772
       301        843        844        682        681
       311        834        835        844        843
       321        825        826        835        834
       331        816        817        826        825
       341        807        808        817        816
       351        798        799        808        807
       361        789        790        799        798
       371        780        781        790        789
       381        771        772        781        780
       391        501        502        772        771
       401        842        843        681        680
       411        833        834        843        842
       421        824        825        834        833
       431        815        816        825        824
       441        806        807        816        815
       451        797        798        807        806
       461        788        789        798        797
       471        779        780        789        788
       481        770        771        780        779
       491        500        501        771        770
       501        841        842        680        679
       511        832        833        842        841
       521        823        824        833        832
       531        814        815        824        823
       541        805        806        815        814
       551        796        797        806        805
       561        787        788        797        796
       571        778        779        788        787
       581        769        770        779        778
       591        499        500        770        769
       601        840        841        679        678
       611        831        832        841        840
       621        822        823        832        831
       631        813        814        823        822
       641        804        805        814        813
       651        795        796        805        804
       661        786        787        796        795
       671        777        778        787        786
       681        768        769        778        777
       691        498        499        769        768
       701        839        840        678        677
       711        830        831        840        839
       721        821        822        831        830
       731        812        813        822        821
       741        803        804        813        812
       751        794        795        804        803
       761        785        786        795        794
       771        776        777        786        785
       781        767        768        777        776
       791        497        498        768        767
       801        838        839        677        676
       811        829        830        839        838
       821        820        821        830        829
       831        811        812        821        820
       841        802        803        812        811
       851        793        794        803        802
       861        784        785        794        793
       871        775        776        785        784
       881        766        767        776        775
       891        496        497        767        766
       901        837        838        676        675
       911        828        829        838        837
       921        819        820        829        828
       931        810        811        820        819
       941        801        802        811        810
       951        792        793        802        801
       961        783        784        793        792
       971        774        775        784        783
       981        765        766        775        774
       991        495        496        766        765
      1001        836        837        675        674
      1011        827        828        837        836
      1021        818        819        828        827
      1031        809        810        819        818
      1041        800        801        810        809
      1051        791        792        801        800
      1061        782        783        792        791
      1071        773        774        783        782
      1081        764        765        774        773
      1091        494        495        765        764
      1101        124        836        674        122
      1111        125        827        836        124
      1121        126        818        827        125
      1131        127        809        818        126
      1141        128        800        809        127
      1151        129        791        800        128
      1161        130        782        791        129
      1171        131        773        782        130
      1181        132        764        773        131
      1191        123        494        764        132
