       120
        19         21        273        254         12
        20        273        153        143        254
        39         20        272        273         21
        40        272        154        153        273
        59         19        271        272         20
        60        271        155        154        272
        79         18        270        271         19
        80        270        156        155        271
        99         17        269        270         18
       100        269        157        156        270
       119         16        268        269         17
       120        268        158        157        269
       139         15        267        268         16
       140        267        159        158        268
       159         14        266        267         15
       160        266        160        159        267
       179         13        265        266         14
       180        265        161        160        266
       199          2        264        265         13
       200        264        122        161        265
       201        682        364        403        691
       202        691        403        402        700
       203        700        402        401        709
       204        709        401        400        718
       205        718        400        399        727
       206        727        399        398        736
       207        736        398        397        745
       208        745        397        396        754
       209        754        396        395        763
       210        763        395        385        592
       301        681        682        691        690
       302        690        691        700        699
       303        699        700        709        708
       304        708        709        718        717
       305        717        718        727        726
       306        726        727        736        735
       307        735        736        745        744
       308        744        745        754        753
       309        753        754        763        762
       310        762        763        592        591
       401        680        681        690        689
       402        689        690        699        698
       403        698        699        708        707
       404        707        708        717        716
       405        716        717        726        725
       406        725        726        735        734
       407        734        735        744        743
       408        743        744        753        752
       409        752        753        762        761
       410        761        762        591        590
       501        679        680        689        688
       502        688        689        698        697
       503        697        698        707        706
       504        706        707        716        715
       505        715        716        725        724
       506        724        725        734        733
       507        733        734        743        742
       508        742        743        752        751
       509        751        752        761        760
       510        760        761        590        589
       601        678        679        688        687
       602        687        688        697        696
       603        696        697        706        705
       604        705        706        715        714
       605        714        715        724        723
       606        723        724        733        732
       607        732        733        742        741
       608        741        742        751        750
       609        750        751        760        759
       610        759        760        589        588
       701        677        678        687        686
       702        686        687        696        695
       703        695        696        705        704
       704        704        705        714        713
       705        713        714        723        722
       706        722        723        732        731
       707        731        732        741        740
       708        740        741        750        749
       709        749        750        759        758
       710        758        759        588        587
       801        676        677        686        685
       802        685        686        695        694
       803        694        695        704        703
       804        703        704        713        712
       805        712        713        722        721
       806        721        722        731        730
       807        730        731        740        739
       808        739        740        749        748
       809        748        749        758        757
       810        757        758        587        586
       901        675        676        685        684
       902        684        685        694        693
       903        693        694        703        702
       904        702        703        712        711
       905        711        712        721        720
       906        720        721        730        729
       907        729        730        739        738
       908        738        739        748        747
       909        747        748        757        756
       910        756        757        586        585
      1001        674        675        684        683
      1002        683        684        693        692
      1003        692        693        702        701
      1004        701        702        711        710
      1005        710        711        720        719
      1006        719        720        729        728
      1007        728        729        738        737
      1008        737        738        747        746
      1009        746        747        756        755
      1010        755        756        585        584
      1101        122        674        683        161
      1102        161        683        692        160
      1103        160        692        701        159
      1104        159        701        710        158
      1105        158        710        719        157
      1106        157        719        728        156
      1107        156        728        737        155
      1108        155        737        746        154
      1109        154        746        755        153
      1110        153        755        584        143
