       100
         1         32        113         31         22
         3        113        114         30         31
         5        114        115         29         30
         7        115        116         28         29
         9        116        117         27         28
        11        117        118         26         27
        13        118        119         25         26
        15        119        120         24         25
        17        120        121         23         24
        19        121         21         12         23
        21         33        104        113         32
        23        104        105        114        113
        25        105        106        115        114
        27        106        107        116        115
        29        107        108        117        116
        31        108        109        118        117
        33        109        110        119        118
        35        110        111        120        119
        37        111        112        121        120
        39        112         20         21        121
        41         34         95        104         33
        43         95         96        105        104
        45         96         97        106        105
        47         97         98        107        106
        49         98         99        108        107
        51         99        100        109        108
        53        100        101        110        109
        55        101        102        111        110
        57        102        103        112        111
        59        103         19         20        112
        61         35         86         95         34
        63         86         87         96         95
        65         87         88         97         96
        67         88         89         98         97
        69         89         90         99         98
        71         90         91        100         99
        73         91         92        101        100
        75         92         93        102        101
        77         93         94        103        102
        79         94         18         19        103
        81         36         77         86         35
        83         77         78         87         86
        85         78         79         88         87
        87         79         80         89         88
        89         80         81         90         89
        91         81         82         91         90
        93         82         83         92         91
        95         83         84         93         92
        97         84         85         94         93
        99         85         17         18         94
       101         37         68         77         36
       103         68         69         78         77
       105         69         70         79         78
       107         70         71         80         79
       109         71         72         81         80
       111         72         73         82         81
       113         73         74         83         82
       115         74         75         84         83
       117         75         76         85         84
       119         76         16         17         85
       121         38         59         68         37
       123         59         60         69         68
       125         60         61         70         69
       127         61         62         71         70
       129         62         63         72         71
       131         63         64         73         72
       133         64         65         74         73
       135         65         66         75         74
       137         66         67         76         75
       139         67         15         16         76
       141         39         50         59         38
       143         50         51         60         59
       145         51         52         61         60
       147         52         53         62         61
       149         53         54         63         62
       151         54         55         64         63
       153         55         56         65         64
       155         56         57         66         65
       157         57         58         67         66
       159         58         14         15         67
       161         40         41         50         39
       163         41         42         51         50
       165         42         43         52         51
       167         43         44         53         52
       169         44         45         54         53
       171         45         46         55         54
       173         46         47         56         55
       175         47         48         57         56
       177         48         49         58         57
       179         49         13         14         58
       181          1          3         41         40
       183          3          4         42         41
       185          4          5         43         42
       187          5          6         44         43
       189          6          7         45         44
       191          7          8         46         45
       193          8          9         47         46
       195          9         10         48         47
       197         10         11         49         48
       199         11          2         13         49
