A0 0 150.000000 150.000000 0.000000 200.000000
A0 1 150.000000 227.777778 0.000000 200.000000
A0 2 150.000000 305.555556 0.000000 200.000000
A0 3 150.000000 383.333333 0.000000 200.000000
A0 4 150.000000 461.111111 0.000000 200.000000
A0 5 150.000000 538.888889 0.000000 200.000000
A0 6 150.000000 616.666667 0.000000 200.000000
A0 7 150.000000 694.444444 0.000000 200.000000
A0 8 150.000000 772.222222 0.000000 200.000000
A0 9 150.000000 850.000000 0.000000 200.000000
A1 0 227.777778 150.000000 0.000000 200.000000
A1 1 227.777778 227.777778 0.000000 200.000000
A1 2 227.777778 305.555556 0.000000 200.000000
A1 3 227.777778 383.333333 0.000000 200.000000
A1 4 227.777778 461.111111 0.000000 200.000000
A1 5 227.777778 538.888889 0.000000 200.000000
A1 6 227.777778 616.666667 0.000000 200.000000
A1 7 227.777778 694.444444 0.000000 200.000000
A1 8 227.777778 772.222222 0.000000 200.000000
A1 9 227.777778 850.000000 0.000000 200.000000
A2 0 305.555556 150.000000 0.000000 200.000000
A2 1 305.555556 227.777778 0.000000 200.000000
A2 2 305.555556 305.555556 0.000000 200.000000
A2 3 305.555556 383.333333 0.000000 200.000000
A2 4 305.555556 461.111111 0.000000 200.000000
A2 5 305.555556 538.888889 0.000000 200.000000
A2 6 305.555556 616.666667 0.000000 200.000000
A2 7 305.555556 694.444444 0.000000 200.000000
A2 8 305.555556 772.222222 0.000000 200.000000
A2 9 305.555556 850.000000 0.000000 200.000000
A3 0 383.333333 150.000000 0.000000 200.000000
A3 1 383.333333 227.777778 0.000000 200.000000
A3 2 383.333333 305.555556 0.000000 200.000000
A3 3 383.333333 383.333333 0.000000 200.000000
A3 4 383.333333 461.111111 0.000000 200.000000
A3 5 383.333333 538.888889 0.000000 200.000000
A3 6 383.333333 616.666667 0.000000 200.000000
A3 7 383.333333 694.444444 0.000000 200.000000
A3 8 383.333333 772.222222 0.000000 200.000000
A3 9 383.333333 850.000000 0.000000 200.000000
A4 0 461.111111 150.000000 0.000000 200.000000
A4 1 461.111111 227.777778 0.000000 200.000000
A4 2 461.111111 305.555556 0.000000 200.000000
A4 3 461.111111 383.333333 0.000000 200.000000
A4 4 461.111111 461.111111 0.000000 200.000000
A4 5 461.111111 538.888889 0.000000 200.000000
A4 6 461.111111 616.666667 0.000000 200.000000
A4 7 461.111111 694.444444 0.000000 200.000000
A4 8 461.111111 772.222222 0.000000 200.000000
A4 9 461.111111 850.000000 0.000000 200.000000
A5 0 538.888889 150.000000 0.000000 200.000000
A5 1 538.888889 227.777778 0.000000 200.000000
A5 2 538.888889 305.555556 0.000000 200.000000
A5 3 538.888889 383.333333 0.000000 200.000000
A5 4 538.888889 461.111111 0.000000 200.000000
A5 5 538.888889 538.888889 0.000000 200.000000
A5 6 538.888889 616.666667 0.000000 200.000000
A5 7 538.888889 694.444444 0.000000 200.000000
A5 8 538.888889 772.222222 0.000000 200.000000
A5 9 538.888889 850.000000 0.000000 200.000000
A6 0 616.666667 150.000000 0.000000 200.000000
A6 1 616.666667 227.777778 0.000000 200.000000
A6 2 616.666667 305.555556 0.000000 200.000000
A6 3 616.666667 383.333333 0.000000 200.000000
A6 4 616.666667 461.111111 0.000000 200.000000
A6 5 616.666667 538.888889 0.000000 200.000000
A6 6 616.666667 616.666667 0.000000 200.000000
A6 7 616.666667 694.444444 0.000000 200.000000
A6 8 616.666667 772.222222 0.000000 200.000000
A6 9 616.666667 850.000000 0.000000 200.000000
A7 0 694.444444 150.000000 0.000000 200.000000
A7 1 694.444444 227.777778 0.000000 200.000000
A7 2 694.444444 305.555556 0.000000 200.000000
A7 3 694.444444 383.333333 0.000000 200.000000
A7 4 694.444444 461.111111 0.000000 200.000000
A7 5 694.444444 538.888889 0.000000 200.000000
A7 6 694.444444 616.666667 0.000000 200.000000
A7 7 694.444444 694.444444 0.000000 200.000000
A7 8 694.444444 772.222222 0.000000 200.000000
A7 9 694.444444 850.000000 0.000000 200.000000
A8 0 772.222222 150.000000 0.000000 200.000000
A8 1 772.222222 227.777778 0.000000 200.000000
A8 2 772.222222 305.555556 0.000000 200.000000
A8 3 772.222222 383.333333 0.000000 200.000000
A8 4 772.222222 461.111111 0.000000 200.000000
A8 5 772.222222 538.888889 0.000000 200.000000
A8 6 772.222222 616.666667 0.000000 200.000000
A8 7 772.222222 694.444444 0.000000 200.000000
A8 8 772.222222 772.222222 0.000000 200.000000
A8 9 772.222222 850.000000 0.000000 200.000000
A9 0 850.000000 150.000000 0.000000 200.000000
A9 1 850.000000 227.777778 0.000000 200.000000
A9 2 850.000000 305.555556 0.000000 200.000000
A9 3 850.000000 383.333333 0.000000 200.000000
A9 4 850.000000 461.111111 0.000000 200.000000
A9 5 850.000000 538.888889 0.000000 200.000000
A9 6 850.000000 616.666667 0.000000 200.000000
A9 7 850.000000 694.444444 0.000000 200.000000
A9 8 850.000000 772.222222 0.000000 200.000000
A9 9 850.000000 850.000000 0.000000 200.000000
