0 3.675516e+18
1 6.625816e+18
2 6.019529e+18
3 9.380466e+18
4 1.128605e+19
5 1.176234e+19
6 1.310793e+19
7 1.216779e+19
8 1.137606e+19
9 1.034988e+19
10 6.821324e+18
11 1.693743e+19
12 2.510383e+19
13 2.532727e+19
14 3.885229e+19
15 4.185930e+19
16 3.905094e+19
17 3.505668e+19
18 2.800807e+19
19 2.248578e+19
20 5.923072e+18
21 2.400379e+19
22 5.183901e+19
23 6.228852e+19
24 8.142628e+19
25 1.130056e+20
26 1.057347e+20
27 7.463491e+19
28 5.797904e+19
29 3.815665e+19
30 8.904398e+18
31 2.524234e+19
32 6.176155e+19
33 1.085960e+20
34 1.456095e+20
35 1.932220e+20
36 2.084544e+20
37 1.521534e+20
38 1.050638e+20
39 6.761430e+19
40 1.115495e+19
41 3.862543e+19
42 8.103287e+19
43 1.453571e+20
44 2.523865e+20
45 3.318189e+20
46 3.519033e+20
47 2.962200e+20
48 2.110075e+20
49 1.260506e+20
50 1.182308e+19
51 4.196349e+19
52 1.117771e+20
53 1.932940e+20
54 3.320236e+20
55 5.368849e+20
56 5.862631e+20
57 4.736250e+20
58 3.679482e+20
59 2.392158e+20
60 1.314480e+19
61 3.883154e+19
62 1.057695e+20
63 2.086641e+20
64 3.520195e+20
65 5.863070e+20
66 7.295891e+20
67 6.590818e+20
68 5.384708e+20
69 4.049658e+20
70 1.230557e+19
71 3.478696e+19
72 7.465783e+19
73 1.521595e+20
74 2.963312e+20
75 4.737470e+20
76 6.589788e+20
77 7.152849e+20
78 6.356861e+20
79 4.993596e+20
80 1.143561e+19
81 2.805857e+19
82 5.815134e+19
83 1.051598e+20
84 2.110627e+20
85 3.680218e+20
86 5.384196e+20
87 6.356382e+20
88 6.539023e+20
89 5.215995e+20
90 1.041270e+19
91 2.272096e+19
92 3.826510e+19
93 6.761920e+19
94 1.260854e+20
95 2.393290e+20
96 4.049131e+20
97 4.992985e+20
98 5.215402e+20
99 5.603995e+20
100 7.965242e+18
101 1.671037e+19
102 3.081233e+19
103 4.626973e+19
104 7.540778e+19
105 9.747232e+19
106 1.387119e+20
107 1.403638e+20
108 1.350105e+20
109 1.597163e+20
110 9.525075e+18
111 2.216418e+19
112 4.832894e+19
113 7.203648e+19
114 1.451639e+20
115 1.891187e+20
116 1.994386e+20
117 2.306668e+20
118 2.101865e+20
119 2.095212e+20
120 1.503027e+19
121 4.228147e+19
122 9.524809e+19
123 1.393273e+20
124 2.346394e+20
125 3.764536e+20
126 4.077840e+20
127 4.018706e+20
128 3.898486e+20
129 3.183945e+20
130 2.258111e+19
131 5.605944e+19
132 1.299292e+20
133 2.305636e+20
134 3.643232e+20
135 5.940428e+20
136 7.265003e+20
137 6.770982e+20
138 5.918045e+20
139 4.510163e+20
140 2.738133e+19
141 7.016580e+19
142 1.600586e+20
143 2.944851e+20
144 5.014217e+20
145 8.348044e+20
146 1.078020e+21
147 9.589969e+20
148 7.790622e+20
149 5.821775e+20
150 2.792174e+19
151 7.020627e+19
152 1.586046e+20
153 2.944203e+20
154 5.012965e+20
155 8.346965e+20
156 1.077897e+21
157 9.590528e+20
158 7.790521e+20
159 5.821899e+20
160 2.220022e+19
161 5.602382e+19
162 1.311978e+20
163 2.303041e+20
164 3.639618e+20
165 5.936392e+20
166 7.261072e+20
167 6.769540e+20
168 5.918592e+20
169 4.510286e+20
170 1.577152e+19
171 4.231383e+19
172 9.603119e+19
173 1.402393e+20
174 2.333101e+20
175 3.750692e+20
176 4.076548e+20
177 4.015990e+20
178 3.895380e+20
179 3.181880e+20
180 9.576850e+18
181 2.239978e+19
182 4.880216e+19
183 7.192734e+19
184 1.446483e+20
185 1.885192e+20
186 1.994914e+20
187 2.305601e+20
188 2.100756e+20
189 2.093275e+20
190 8.026864e+18
191 1.654213e+19
192 3.073788e+19
193 4.626183e+19
194 7.526454e+19
195 9.741324e+19
196 1.385590e+20
197 1.403495e+20
198 1.349579e+20
199 1.596799e+20
200 1.033378e+19
201 2.246525e+19
202 3.817397e+19
203 6.761238e+19
204 1.260787e+20
205 2.392353e+20
206 4.049722e+20
207 4.992285e+20
208 5.215131e+20
209 5.604001e+20
210 1.134290e+19
211 2.805735e+19
212 5.801310e+19
213 1.049922e+20
214 2.109571e+20
215 3.679177e+20
216 5.382796e+20
217 6.355837e+20
218 6.539551e+20
219 5.215182e+20
220 1.219291e+19
221 3.468164e+19
222 7.516350e+19
223 1.520409e+20
224 2.962381e+20
225 4.735736e+20
226 6.588571e+20
227 7.152759e+20
228 6.358115e+20
229 4.992522e+20
230 1.305828e+19
231 3.874178e+19
232 1.057050e+20
233 2.083849e+20
234 3.522271e+20
235 5.863554e+20
236 7.292713e+20
237 6.588763e+20
238 5.383508e+20
239 4.050122e+20
240 1.179223e+19
241 4.197799e+19
242 1.120791e+20
243 1.933627e+20
244 3.318976e+20
245 5.368529e+20
246 5.864184e+20
247 4.738010e+20
248 3.679796e+20
249 2.392331e+20
250 1.103346e+19
251 3.880891e+19
252 8.082841e+19
253 1.457207e+20
254 2.523987e+20
255 3.318785e+20
256 3.519743e+20
257 2.963575e+20
258 2.110787e+20
259 1.261752e+20
260 8.758175e+18
261 2.596501e+19
262 6.257016e+19
263 1.087806e+20
264 1.453287e+20
265 1.932830e+20
266 2.086821e+20
267 1.521880e+20
268 1.051530e+20
269 6.777006e+19
270 6.204210e+18
271 2.714299e+19
272 5.734879e+19
273 6.293764e+19
274 8.144393e+19
275 1.127372e+20
276 1.061161e+20
277 7.456240e+19
278 5.819028e+19
279 3.822962e+19
280 6.938020e+18
281 1.538553e+19
282 2.388404e+19
283 2.529896e+19
284 3.812273e+19
285 4.169838e+19
286 3.873204e+19
287 3.507166e+19
288 2.799736e+19
289 2.251904e+19
290 3.570675e+18
291 6.536225e+18
292 6.109439e+18
293 8.722099e+18
294 1.085669e+19
295 1.165603e+19
296 1.289344e+19
297 1.214971e+19
298 1.134483e+19
299 1.036590e+19
300 8.103365e+18
301 9.826628e+18
302 1.545521e+19
303 2.295776e+19
304 2.794402e+19
305 2.866435e+19
306 2.262424e+19
307 1.527653e+19
308 9.344375e+18
309 8.009074e+18
310 1.662011e+19
311 2.212566e+19
312 4.154333e+19
313 5.630323e+19
314 6.946692e+19
315 6.926337e+19
316 5.660092e+19
317 4.253071e+19
318 2.213422e+19
319 1.659543e+19
320 3.067739e+19
321 4.755544e+19
322 9.315860e+19
323 1.301904e+20
324 1.594068e+20
325 1.589864e+20
326 1.300056e+20
327 9.652615e+19
328 4.849904e+19
329 3.064836e+19
330 4.640780e+19
331 7.166458e+19
332 1.381361e+20
333 2.303218e+20
334 2.938040e+20
335 2.935994e+20
336 2.307265e+20
337 1.402411e+20
338 7.188415e+19
339 4.643880e+19
340 7.532336e+19
341 1.446058e+20
342 2.329556e+20
343 3.645985e+20
344 5.007864e+20
345 5.012001e+20
346 3.640777e+20
347 2.343186e+20
348 1.449051e+20
349 7.525761e+19
350 9.750864e+19
351 1.886559e+20
352 3.751050e+20
353 5.938245e+20
354 8.345252e+20
355 8.345407e+20
356 5.938671e+20
357 3.749235e+20
358 1.886589e+20
359 9.748864e+19
360 1.389241e+20
361 1.995545e+20
362 4.070934e+20
363 7.260548e+20
364 1.077887e+21
365 1.078044e+21
366 7.259934e+20
367 4.082676e+20
368 1.995519e+20
369 1.387892e+20
370 1.406859e+20
371 2.307330e+20
372 4.018695e+20
373 6.768927e+20
374 9.588640e+20
375 9.589159e+20
376 6.768768e+20
377 4.016092e+20
378 2.305558e+20
379 1.404638e+20
380 1.350410e+20
381 2.102276e+20
382 3.896709e+20
383 5.918735e+20
384 7.791590e+20
385 7.791254e+20
386 5.919427e+20
387 3.895690e+20
388 2.101886e+20
389 1.350767e+20
390 1.597089e+20
391 2.095308e+20
392 3.182363e+20
393 4.510274e+20
394 5.822900e+20
395 5.822113e+20
396 4.510123e+20
397 3.182035e+20
398 2.093166e+20
399 1.597336e+20
400 9.398923e+19
401 1.095167e+20
402 1.312088e+20
403 1.619901e+20
404 2.041813e+20
405 2.041069e+20
406 1.619237e+20
407 1.312251e+20
408 1.094070e+20
409 9.391331e+19
410 1.094515e+20
411 1.372435e+20
412 2.236775e+20
413 3.002351e+20
414 3.884251e+20
415 3.883680e+20
416 3.001464e+20
417 2.262557e+20
418 1.371014e+20
419 1.092737e+20
420 1.309579e+20
421 2.252621e+20
422 4.142186e+20
423 6.164511e+20
424 8.313270e+20
425 8.322331e+20
426 6.168928e+20
427 4.134489e+20
428 2.242183e+20
429 1.308697e+20
430 1.619810e+20
431 3.002873e+20
432 6.166458e+20
433 1.122666e+21
434 1.591286e+21
435 1.592001e+21
436 1.120983e+21
437 6.164394e+20
438 3.002286e+20
439 1.619921e+20
440 2.042119e+20
441 3.890515e+20
442 8.331250e+20
443 1.592617e+21
444 2.431227e+21
445 2.432576e+21
446 1.593118e+21
447 8.334027e+20
448 3.887638e+20
449 2.040355e+20
450 2.040876e+20
451 3.888554e+20
452 8.326607e+20
453 1.593310e+21
454 2.432477e+21
455 2.432142e+21
456 1.593428e+21
457 8.325412e+20
458 3.887555e+20
459 2.041006e+20
460 1.618194e+20
461 3.000940e+20
462 6.154905e+20
463 1.121716e+21
464 1.592678e+21
465 1.591936e+21
466 1.122224e+21
467 6.167828e+20
468 3.000904e+20
469 1.619101e+20
470 1.307061e+20
471 2.234537e+20
472 4.097452e+20
473 6.175544e+20
474 8.330087e+20
475 8.318548e+20
476 6.177443e+20
477 4.143416e+20
478 2.237872e+20
479 1.308267e+20
480 1.094784e+20
481 1.363946e+20
482 2.223872e+20
483 2.998420e+20
484 3.881209e+20
485 3.881774e+20
486 3.004796e+20
487 2.236820e+20
488 1.365382e+20
489 1.094488e+20
490 9.403603e+19
491 1.095475e+20
492 1.310927e+20
493 1.619996e+20
494 2.041683e+20
495 2.040879e+20
496 1.618259e+20
497 1.307786e+20
498 1.094570e+20
499 9.399539e+19
500 1.596813e+20
501 2.093667e+20
502 3.184088e+20
503 4.510767e+20
504 5.821606e+20
505 5.822096e+20
506 4.510481e+20
507 3.181544e+20
508 2.092655e+20
509 1.597283e+20
510 1.350132e+20
511 2.101367e+20
512 3.900597e+20
513 5.920939e+20
514 7.791261e+20
515 7.791189e+20
516 5.920340e+20
517 3.894121e+20
518 2.100794e+20
519 1.350578e+20
520 1.404238e+20
521 2.306841e+20
522 4.020691e+20
523 6.775259e+20
524 9.590504e+20
525 9.591013e+20
526 6.770529e+20
527 4.015213e+20
528 2.304613e+20
529 1.405542e+20
530 1.387834e+20
531 1.993474e+20
532 4.075525e+20
533 7.265186e+20
534 1.077976e+21
535 1.078085e+21
536 7.262208e+20
537 4.070003e+20
538 1.992966e+20
539 1.387717e+20
540 9.746846e+19
541 1.885485e+20
542 3.754271e+20
543 5.939576e+20
544 8.344976e+20
545 8.347106e+20
546 5.939801e+20
547 3.746390e+20
548 1.883462e+20
549 9.752851e+19
550 7.532888e+19
551 1.445501e+20
552 2.342721e+20
553 3.643320e+20
554 5.012150e+20
555 5.008967e+20
556 3.639365e+20
557 2.328532e+20
558 1.447376e+20
559 7.529572e+19
560 4.645566e+19
561 7.217293e+19
562 1.400823e+20
563 2.313093e+20
564 2.943146e+20
565 2.936399e+20
566 2.312087e+20
567 1.389885e+20
568 7.136560e+19
569 4.643404e+19
570 3.040760e+19
571 4.715518e+19
572 9.500621e+19
573 1.305035e+20
574 1.589962e+20
575 1.591326e+20
576 1.311269e+20
577 9.572000e+19
578 4.744933e+19
579 3.074700e+19
580 1.663868e+19
581 2.144599e+19
582 4.132205e+19
583 5.743432e+19
584 7.033486e+19
585 6.883942e+19
586 5.646965e+19
587 4.105153e+19
588 2.213753e+19
589 1.691711e+19
590 8.063405e+18
591 9.676166e+18
592 1.565438e+19
593 2.220652e+19
594 2.769170e+19
595 2.768680e+19
596 2.257460e+19
597 1.541975e+19
598 9.634407e+18
599 8.026799e+18
600 1.042650e+19
601 1.141470e+19
602 1.224267e+19
603 1.310642e+19
604 1.195761e+19
605 1.115032e+19
606 8.885543e+18
607 5.818477e+18
608 8.156679e+18
609 3.673101e+18
610 2.268792e+19
611 2.833552e+19
612 3.513079e+19
613 3.904045e+19
614 4.178645e+19
615 3.916562e+19
616 2.471759e+19
617 2.390713e+19
618 1.474518e+19
619 7.215821e+18
620 3.825938e+19
621 5.798610e+19
622 7.477736e+19
623 1.073876e+20
624 1.128422e+20
625 8.136202e+19
626 6.127392e+19
627 5.192268e+19
628 2.327274e+19
629 6.311518e+18
630 6.784376e+19
631 1.050943e+20
632 1.524154e+20
633 2.089252e+20
634 1.933407e+20
635 1.455086e+20
636 1.087639e+20
637 6.328044e+19
638 2.479958e+19
639 8.775411e+18
640 1.261473e+20
641 2.111950e+20
642 2.963304e+20
643 3.520896e+20
644 3.319255e+20
645 2.524150e+20
646 1.460358e+20
647 8.142158e+19
648 3.859244e+19
649 1.096641e+19
650 2.391859e+20
651 3.679513e+20
652 4.735200e+20
653 5.862552e+20
654 5.367457e+20
655 3.319382e+20
656 1.934190e+20
657 1.123034e+20
658 4.177444e+19
659 1.180916e+19
660 4.050242e+20
661 5.383188e+20
662 6.588967e+20
663 7.292565e+20
664 5.865169e+20
665 3.520250e+20
666 2.084765e+20
667 1.061045e+20
668 3.914301e+19
669 1.304136e+19
670 4.992251e+20
671 6.356984e+20
672 7.153089e+20
673 6.587732e+20
674 4.736999e+20
675 2.962634e+20
676 1.521321e+20
677 7.514112e+19
678 3.487682e+19
679 1.230473e+19
680 5.215215e+20
681 6.539429e+20
682 6.356404e+20
683 5.382952e+20
684 3.679665e+20
685 2.110796e+20
686 1.050153e+20
687 5.837458e+19
688 2.799334e+19
689 1.146143e+19
690 5.603987e+20
691 5.215292e+20
692 4.992952e+20
693 4.048993e+20
694 2.391942e+20
695 1.260719e+20
696 6.766865e+19
697 3.840168e+19
698 2.261811e+19
699 1.039134e+19
700 1.596838e+20
701 1.349904e+20
702 1.404386e+20
703 1.385270e+20
704 9.758011e+19
705 7.540264e+19
706 4.626537e+19
707 3.044076e+19
708 1.667882e+19
709 7.931649e+18
710 2.093043e+20
711 2.101578e+20
712 2.305568e+20
713 1.997279e+20
714 1.883747e+20
715 1.448549e+20
716 7.149920e+19
717 4.738027e+19
718 2.263309e+19
719 9.510475e+18
720 3.180483e+20
721 3.896900e+20
722 4.017807e+20
723 4.084727e+20
724 3.753419e+20
725 2.333894e+20
726 1.389230e+20
727 9.381641e+19
728 4.163800e+19
729 1.451781e+19
730 4.509506e+20
731 5.919551e+20
732 6.770572e+20
733 7.265374e+20
734 5.938182e+20
735 3.641440e+20
736 2.299020e+20
737 1.300140e+20
738 5.587443e+19
739 2.202049e+19
740 5.821951e+20
741 7.790321e+20
742 9.589040e+20
743 1.078279e+21
744 8.348804e+20
745 5.013784e+20
746 2.944748e+20
747 1.593688e+20
748 6.893053e+19
749 2.722990e+19
750 5.822034e+20
751 7.790544e+20
752 9.589639e+20
753 1.078157e+21
754 8.348535e+20
755 5.013002e+20
756 2.939037e+20
757 1.597925e+20
758 6.887055e+19
759 2.728538e+19
760 4.510285e+20
761 5.919071e+20
762 6.769031e+20
763 7.259068e+20
764 5.937842e+20
765 3.637501e+20
766 2.301892e+20
767 1.291744e+20
768 5.543766e+19
769 2.221111e+19
770 3.180908e+20
771 3.893093e+20
772 4.021715e+20
773 4.071645e+20
774 3.750528e+20
775 2.330098e+20
776 1.383767e+20
777 9.386748e+19
778 4.117689e+19
779 1.523792e+19
780 2.092795e+20
781 2.101207e+20
782 2.308487e+20
783 1.992710e+20
784 1.884398e+20
785 1.444350e+20
786 7.142575e+19
787 4.788593e+19
788 2.173947e+19
789 9.695341e+18
790 1.597015e+20
791 1.350536e+20
792 1.404437e+20
793 1.386747e+20
794 9.741239e+19
795 7.522231e+19
796 4.628324e+19
797 3.090272e+19
798 1.650321e+19
799 8.097608e+18
800 5.604064e+20
801 5.215799e+20
802 4.992828e+20
803 4.049255e+20
804 2.391462e+20
805 1.260975e+20
806 6.764180e+19
807 3.846309e+19
808 2.283154e+19
809 1.039739e+19
810 5.215644e+20
811 6.540104e+20
812 6.356389e+20
813 5.383755e+20
814 3.679679e+20
815 2.109451e+20
816 1.050817e+20
817 5.833232e+19
818 2.809129e+19
819 1.146323e+19
820 4.993093e+20
821 6.355877e+20
822 7.151644e+20
823 6.589113e+20
824 4.737396e+20
825 2.962378e+20
826 1.521553e+20
827 7.475958e+19
828 3.504929e+19
829 1.233860e+19
830 4.048881e+20
831 5.384237e+20
832 6.590091e+20
833 7.296768e+20
834 5.863691e+20
835 3.520054e+20
836 2.084757e+20
837 1.055624e+20
838 3.897007e+19
839 1.331984e+19
840 2.392334e+20
841 3.680275e+20
842 4.735893e+20
843 5.864103e+20
844 5.369368e+20
845 3.321010e+20
846 1.934324e+20
847 1.122660e+20
848 4.188800e+19
849 1.183025e+19
850 1.260745e+20
851 2.110788e+20
852 2.963870e+20
853 3.518927e+20
854 3.321038e+20
855 2.526487e+20
856 1.456440e+20
857 8.088789e+19
858 3.796224e+19
859 1.105781e+19
860 6.774192e+19
861 1.051967e+20
862 1.522228e+20
863 2.084813e+20
864 1.933952e+20
865 1.455838e+20
866 1.084813e+20
867 6.229390e+19
868 2.486470e+19
869 8.672699e+18
870 3.832537e+19
871 5.809927e+19
872 7.485607e+19
873 1.054776e+20
874 1.119424e+20
875 8.143659e+19
876 6.134685e+19
877 5.218556e+19
878 2.349777e+19
879 6.234683e+18
880 2.260255e+19
881 2.815553e+19
882 3.495819e+19
883 3.914175e+19
884 4.179687e+19
885 3.862762e+19
886 2.620031e+19
887 2.521602e+19
888 1.527767e+19
889 7.101046e+18
890 1.039203e+19
891 1.139851e+19
892 1.225924e+19
893 1.325435e+19
894 1.188319e+19
895 1.147727e+19
896 9.148852e+18
897 7.590421e+18
898 7.253008e+18
899 4.204256e+18
