       360
         1         62       1923       1925         92
         2       1923        993       1022       1925
        61         92       1925       1926         93
        62       1925       1022       1021       1926
       121         93       1926       1927         94
       122       1926       1021       1020       1927
       181         94       1927       1928         95
       182       1927       1020       1019       1928
       241         95       1928       1929         96
       242       1928       1019       1018       1929
       301         96       1929       1930         97
       302       1929       1018       1017       1930
       361         97       1930       1931         98
       362       1930       1017       1016       1931
       421         98       1931       1932         99
       422       1931       1016       1015       1932
       481         99       1932       1933        100
       482       1932       1015       1014       1933
       541        100       1933       1934        101
       542       1933       1014       1013       1934
       601        101       1934       1935        102
       602       1934       1013       1012       1935
       661        102       1935       1936        103
       662       1935       1012       1011       1936
       721        103       1936       1937        104
       722       1936       1011       1010       1937
       781        104       1937       1938        105
       782       1937       1010       1009       1938
       841        105       1938       1939        106
       842       1938       1009       1008       1939
       901        106       1939       1940        107
       902       1939       1008       1007       1940
       961        107       1940       1941        108
       962       1940       1007       1006       1941
      1021        108       1941       1942        109
      1022       1941       1006       1005       1942
      1081        109       1942       1943        110
      1082       1942       1005       1004       1943
      1141        110       1943       1944        111
      1142       1943       1004       1003       1944
      1201        111       1944       1945        112
      1202       1944       1003       1002       1945
      1261        112       1945       1946        113
      1262       1945       1002       1001       1946
      1321        113       1946       1947        114
      1322       1946       1001       1000       1947
      1381        114       1947       1948        115
      1382       1947       1000        999       1948
      1441        115       1948       1949        116
      1442       1948        999        998       1949
      1501        116       1949       1950        117
      1502       1949        998        997       1950
      1561        117       1950       1951        118
      1562       1950        997        996       1951
      1621        118       1951       1952        119
      1622       1951        996        995       1952
      1681        119       1952       1953        120
      1682       1952        995        994       1953
      1741        120       1953       1924          1
      1742       1953        994        963       1924
      2671       4123       2916       2885       3862
      2672       4114       2917       2916       4123
      2673       4105       2918       2917       4114
      2674       4096       2919       2918       4105
      2675       4087       2920       2919       4096
      2676       4078       2921       2920       4087
      2677       4069       2922       2921       4078
      2678       4060       2923       2922       4069
      2679       4051       2924       2923       4060
      2680       4042       2925       2924       4051
      2681       4033       2926       2925       4042
      2682       4024       2927       2926       4033
      2683       4015       2928       2927       4024
      2684       4006       2929       2928       4015
      2685       3997       2930       2929       4006
      2686       3988       2931       2930       3997
      2687       3979       2932       2931       3988
      2688       3970       2933       2932       3979
      2689       3961       2934       2933       3970
      2690       3952       2935       2934       3961
      2691       3943       2936       2935       3952
      2692       3934       2937       2936       3943
      2693       3925       2938       2937       3934
      2694       3916       2939       2938       3925
      2695       3907       2940       2939       3916
      2696       3898       2941       2940       3907
      2697       3889       2942       2941       3898
      2698       3880       2943       2942       3889
      2699       3871       2944       2943       3880
      2700       3853       2915       2944       3871
      3571       4122       4123       3862       3861
      3572       4113       4114       4123       4122
      3573       4104       4105       4114       4113
      3574       4095       4096       4105       4104
      3575       4086       4087       4096       4095
      3576       4077       4078       4087       4086
      3577       4068       4069       4078       4077
      3578       4059       4060       4069       4068
      3579       4050       4051       4060       4059
      3580       4041       4042       4051       4050
      3581       4032       4033       4042       4041
      3582       4023       4024       4033       4032
      3583       4014       4015       4024       4023
      3584       4005       4006       4015       4014
      3585       3996       3997       4006       4005
      3586       3987       3988       3997       3996
      3587       3978       3979       3988       3987
      3588       3969       3970       3979       3978
      3589       3960       3961       3970       3969
      3590       3951       3952       3961       3960
      3591       3942       3943       3952       3951
      3592       3933       3934       3943       3942
      3593       3924       3925       3934       3933
      3594       3915       3916       3925       3924
      3595       3906       3907       3916       3915
      3596       3897       3898       3907       3906
      3597       3888       3889       3898       3897
      3598       3879       3880       3889       3888
      3599       3870       3871       3880       3879
      3600       3852       3853       3871       3870
      4471       4121       4122       3861       3860
      4472       4112       4113       4122       4121
      4473       4103       4104       4113       4112
      4474       4094       4095       4104       4103
      4475       4085       4086       4095       4094
      4476       4076       4077       4086       4085
      4477       4067       4068       4077       4076
      4478       4058       4059       4068       4067
      4479       4049       4050       4059       4058
      4480       4040       4041       4050       4049
      4481       4031       4032       4041       4040
      4482       4022       4023       4032       4031
      4483       4013       4014       4023       4022
      4484       4004       4005       4014       4013
      4485       3995       3996       4005       4004
      4486       3986       3987       3996       3995
      4487       3977       3978       3987       3986
      4488       3968       3969       3978       3977
      4489       3959       3960       3969       3968
      4490       3950       3951       3960       3959
      4491       3941       3942       3951       3950
      4492       3932       3933       3942       3941
      4493       3923       3924       3933       3932
      4494       3914       3915       3924       3923
      4495       3905       3906       3915       3914
      4496       3896       3897       3906       3905
      4497       3887       3888       3897       3896
      4498       3878       3879       3888       3887
      4499       3869       3870       3879       3878
      4500       3851       3852       3870       3869
      5371       4120       4121       3860       3859
      5372       4111       4112       4121       4120
      5373       4102       4103       4112       4111
      5374       4093       4094       4103       4102
      5375       4084       4085       4094       4093
      5376       4075       4076       4085       4084
      5377       4066       4067       4076       4075
      5378       4057       4058       4067       4066
      5379       4048       4049       4058       4057
      5380       4039       4040       4049       4048
      5381       4030       4031       4040       4039
      5382       4021       4022       4031       4030
      5383       4012       4013       4022       4021
      5384       4003       4004       4013       4012
      5385       3994       3995       4004       4003
      5386       3985       3986       3995       3994
      5387       3976       3977       3986       3985
      5388       3967       3968       3977       3976
      5389       3958       3959       3968       3967
      5390       3949       3950       3959       3958
      5391       3940       3941       3950       3949
      5392       3931       3932       3941       3940
      5393       3922       3923       3932       3931
      5394       3913       3914       3923       3922
      5395       3904       3905       3914       3913
      5396       3895       3896       3905       3904
      5397       3886       3887       3896       3895
      5398       3877       3878       3887       3886
      5399       3868       3869       3878       3877
      5400       3850       3851       3869       3868
      6271       4119       4120       3859       3858
      6272       4110       4111       4120       4119
      6273       4101       4102       4111       4110
      6274       4092       4093       4102       4101
      6275       4083       4084       4093       4092
      6276       4074       4075       4084       4083
      6277       4065       4066       4075       4074
      6278       4056       4057       4066       4065
      6279       4047       4048       4057       4056
      6280       4038       4039       4048       4047
      6281       4029       4030       4039       4038
      6282       4020       4021       4030       4029
      6283       4011       4012       4021       4020
      6284       4002       4003       4012       4011
      6285       3993       3994       4003       4002
      6286       3984       3985       3994       3993
      6287       3975       3976       3985       3984
      6288       3966       3967       3976       3975
      6289       3957       3958       3967       3966
      6290       3948       3949       3958       3957
      6291       3939       3940       3949       3948
      6292       3930       3931       3940       3939
      6293       3921       3922       3931       3930
      6294       3912       3913       3922       3921
      6295       3903       3904       3913       3912
      6296       3894       3895       3904       3903
      6297       3885       3886       3895       3894
      6298       3876       3877       3886       3885
      6299       3867       3868       3877       3876
      6300       3849       3850       3868       3867
      7171       4118       4119       3858       3857
      7172       4109       4110       4119       4118
      7173       4100       4101       4110       4109
      7174       4091       4092       4101       4100
      7175       4082       4083       4092       4091
      7176       4073       4074       4083       4082
      7177       4064       4065       4074       4073
      7178       4055       4056       4065       4064
      7179       4046       4047       4056       4055
      7180       4037       4038       4047       4046
      7181       4028       4029       4038       4037
      7182       4019       4020       4029       4028
      7183       4010       4011       4020       4019
      7184       4001       4002       4011       4010
      7185       3992       3993       4002       4001
      7186       3983       3984       3993       3992
      7187       3974       3975       3984       3983
      7188       3965       3966       3975       3974
      7189       3956       3957       3966       3965
      7190       3947       3948       3957       3956
      7191       3938       3939       3948       3947
      7192       3929       3930       3939       3938
      7193       3920       3921       3930       3929
      7194       3911       3912       3921       3920
      7195       3902       3903       3912       3911
      7196       3893       3894       3903       3902
      7197       3884       3885       3894       3893
      7198       3875       3876       3885       3884
      7199       3866       3867       3876       3875
      7200       3848       3849       3867       3866
      8071       4117       4118       3857       3856
      8072       4108       4109       4118       4117
      8073       4099       4100       4109       4108
      8074       4090       4091       4100       4099
      8075       4081       4082       4091       4090
      8076       4072       4073       4082       4081
      8077       4063       4064       4073       4072
      8078       4054       4055       4064       4063
      8079       4045       4046       4055       4054
      8080       4036       4037       4046       4045
      8081       4027       4028       4037       4036
      8082       4018       4019       4028       4027
      8083       4009       4010       4019       4018
      8084       4000       4001       4010       4009
      8085       3991       3992       4001       4000
      8086       3982       3983       3992       3991
      8087       3973       3974       3983       3982
      8088       3964       3965       3974       3973
      8089       3955       3956       3965       3964
      8090       3946       3947       3956       3955
      8091       3937       3938       3947       3946
      8092       3928       3929       3938       3937
      8093       3919       3920       3929       3928
      8094       3910       3911       3920       3919
      8095       3901       3902       3911       3910
      8096       3892       3893       3902       3901
      8097       3883       3884       3893       3892
      8098       3874       3875       3884       3883
      8099       3865       3866       3875       3874
      8100       3847       3848       3866       3865
      8971       4116       4117       3856       3855
      8972       4107       4108       4117       4116
      8973       4098       4099       4108       4107
      8974       4089       4090       4099       4098
      8975       4080       4081       4090       4089
      8976       4071       4072       4081       4080
      8977       4062       4063       4072       4071
      8978       4053       4054       4063       4062
      8979       4044       4045       4054       4053
      8980       4035       4036       4045       4044
      8981       4026       4027       4036       4035
      8982       4017       4018       4027       4026
      8983       4008       4009       4018       4017
      8984       3999       4000       4009       4008
      8985       3990       3991       4000       3999
      8986       3981       3982       3991       3990
      8987       3972       3973       3982       3981
      8988       3963       3964       3973       3972
      8989       3954       3955       3964       3963
      8990       3945       3946       3955       3954
      8991       3936       3937       3946       3945
      8992       3927       3928       3937       3936
      8993       3918       3919       3928       3927
      8994       3909       3910       3919       3918
      8995       3900       3901       3910       3909
      8996       3891       3892       3901       3900
      8997       3882       3883       3892       3891
      8998       3873       3874       3883       3882
      8999       3864       3865       3874       3873
      9000       3846       3847       3865       3864
      9871       4115       4116       3855       3854
      9872       4106       4107       4116       4115
      9873       4097       4098       4107       4106
      9874       4088       4089       4098       4097
      9875       4079       4080       4089       4088
      9876       4070       4071       4080       4079
      9877       4061       4062       4071       4070
      9878       4052       4053       4062       4061
      9879       4043       4044       4053       4052
      9880       4034       4035       4044       4043
      9881       4025       4026       4035       4034
      9882       4016       4017       4026       4025
      9883       4007       4008       4017       4016
      9884       3998       3999       4008       4007
      9885       3989       3990       3999       3998
      9886       3980       3981       3990       3989
      9887       3971       3972       3981       3980
      9888       3962       3963       3972       3971
      9889       3953       3954       3963       3962
      9890       3944       3945       3954       3953
      9891       3935       3936       3945       3944
      9892       3926       3927       3936       3935
      9893       3917       3918       3927       3926
      9894       3908       3909       3918       3917
      9895       3899       3900       3909       3908
      9896       3890       3891       3900       3899
      9897       3881       3882       3891       3890
      9898       3872       3873       3882       3881
      9899       3863       3864       3873       3872
      9900       3845       3846       3864       3863
     10771        994       4115       3854        963
     10772        995       4106       4115        994
     10773        996       4097       4106        995
     10774        997       4088       4097        996
     10775        998       4079       4088        997
     10776        999       4070       4079        998
     10777       1000       4061       4070        999
     10778       1001       4052       4061       1000
     10779       1002       4043       4052       1001
     10780       1003       4034       4043       1002
     10781       1004       4025       4034       1003
     10782       1005       4016       4025       1004
     10783       1006       4007       4016       1005
     10784       1007       3998       4007       1006
     10785       1008       3989       3998       1007
     10786       1009       3980       3989       1008
     10787       1010       3971       3980       1009
     10788       1011       3962       3971       1010
     10789       1012       3953       3962       1011
     10790       1013       3944       3953       1012
     10791       1014       3935       3944       1013
     10792       1015       3926       3935       1014
     10793       1016       3917       3926       1015
     10794       1017       3908       3917       1016
     10795       1018       3899       3908       1017
     10796       1019       3890       3899       1018
     10797       1020       3881       3890       1019
     10798       1021       3872       3881       1020
     10799       1022       3863       3872       1021
     10800        993       3845       3863       1022
