       360
      1741          1       1924       2014          3
      1742       1924        963        992       2014
      1743          3       2014       2015          4
      1744       2014        992        991       2015
      1745          4       2015       2016          5
      1746       2015        991        990       2016
      1747          5       2016       2017          6
      1748       2016        990        989       2017
      1749          6       2017       2018          7
      1750       2017        989        988       2018
      1751          7       2018       2019          8
      1752       2018        988        987       2019
      1753          8       2019       2020          9
      1754       2019        987        986       2020
      1755          9       2020       2021         10
      1756       2020        986        985       2021
      1757         10       2021       2022         11
      1758       2021        985        984       2022
      1759         11       2022       2023         12
      1760       2022        984        983       2023
      1761         12       2023       2024         13
      1762       2023        983        982       2024
      1763         13       2024       2025         14
      1764       2024        982        981       2025
      1765         14       2025       2026         15
      1766       2025        981        980       2026
      1767         15       2026       2027         16
      1768       2026        980        979       2027
      1769         16       2027       2028         17
      1770       2027        979        978       2028
      1771         17       2028       2029         18
      1772       2028        978        977       2029
      1773         18       2029       2030         19
      1774       2029        977        976       2030
      1775         19       2030       2031         20
      1776       2030        976        975       2031
      1777         20       2031       2032         21
      1778       2031        975        974       2032
      1779         21       2032       2033         22
      1780       2032        974        973       2033
      1781         22       2033       2034         23
      1782       2033        973        972       2034
      1783         23       2034       2035         24
      1784       2034        972        971       2035
      1785         24       2035       2036         25
      1786       2035        971        970       2036
      1787         25       2036       2037         26
      1788       2036        970        969       2037
      1789         26       2037       2038         27
      1790       2037        969        968       2038
      1791         27       2038       2039         28
      1792       2038        968        967       2039
      1793         28       2039       2040         29
      1794       2039        967        966       2040
      1795         29       2040       2041         30
      1796       2040        966        965       2041
      1797         30       2041       2042         31
      1798       2041        965        964       2042
      1799         31       2042       1984          2
      1800       2042        964        962       1984
      1801       4924       2886       2884       4402
      1831       4915       2887       2886       4924
      1861       4906       2888       2887       4915
      1891       4897       2889       2888       4906
      1921       4888       2890       2889       4897
      1951       4879       2891       2890       4888
      1981       4870       2892       2891       4879
      2011       4861       2893       2892       4870
      2041       4852       2894       2893       4861
      2071       4843       2895       2894       4852
      2101       4834       2896       2895       4843
      2131       4825       2897       2896       4834
      2161       4816       2898       2897       4825
      2191       4807       2899       2898       4816
      2221       4798       2900       2899       4807
      2251       4789       2901       2900       4798
      2281       4780       2902       2901       4789
      2311       4771       2903       2902       4780
      2341       4762       2904       2903       4771
      2371       4753       2905       2904       4762
      2401       4744       2906       2905       4753
      2431       4735       2907       2906       4744
      2461       4726       2908       2907       4735
      2491       4717       2909       2908       4726
      2521       4708       2910       2909       4717
      2551       4699       2911       2910       4708
      2581       4690       2912       2911       4699
      2611       4681       2913       2912       4690
      2641       4672       2914       2913       4681
      2671       3862       2885       2914       4672
      2701       4923       4924       4402       4401
      2731       4914       4915       4924       4923
      2761       4905       4906       4915       4914
      2791       4896       4897       4906       4905
      2821       4887       4888       4897       4896
      2851       4878       4879       4888       4887
      2881       4869       4870       4879       4878
      2911       4860       4861       4870       4869
      2941       4851       4852       4861       4860
      2971       4842       4843       4852       4851
      3001       4833       4834       4843       4842
      3031       4824       4825       4834       4833
      3061       4815       4816       4825       4824
      3091       4806       4807       4816       4815
      3121       4797       4798       4807       4806
      3151       4788       4789       4798       4797
      3181       4779       4780       4789       4788
      3211       4770       4771       4780       4779
      3241       4761       4762       4771       4770
      3271       4752       4753       4762       4761
      3301       4743       4744       4753       4752
      3331       4734       4735       4744       4743
      3361       4725       4726       4735       4734
      3391       4716       4717       4726       4725
      3421       4707       4708       4717       4716
      3451       4698       4699       4708       4707
      3481       4689       4690       4699       4698
      3511       4680       4681       4690       4689
      3541       4671       4672       4681       4680
      3571       3861       3862       4672       4671
      3601       4922       4923       4401       4400
      3631       4913       4914       4923       4922
      3661       4904       4905       4914       4913
      3691       4895       4896       4905       4904
      3721       4886       4887       4896       4895
      3751       4877       4878       4887       4886
      3781       4868       4869       4878       4877
      3811       4859       4860       4869       4868
      3841       4850       4851       4860       4859
      3871       4841       4842       4851       4850
      3901       4832       4833       4842       4841
      3931       4823       4824       4833       4832
      3961       4814       4815       4824       4823
      3991       4805       4806       4815       4814
      4021       4796       4797       4806       4805
      4051       4787       4788       4797       4796
      4081       4778       4779       4788       4787
      4111       4769       4770       4779       4778
      4141       4760       4761       4770       4769
      4171       4751       4752       4761       4760
      4201       4742       4743       4752       4751
      4231       4733       4734       4743       4742
      4261       4724       4725       4734       4733
      4291       4715       4716       4725       4724
      4321       4706       4707       4716       4715
      4351       4697       4698       4707       4706
      4381       4688       4689       4698       4697
      4411       4679       4680       4689       4688
      4441       4670       4671       4680       4679
      4471       3860       3861       4671       4670
      4501       4921       4922       4400       4399
      4531       4912       4913       4922       4921
      4561       4903       4904       4913       4912
      4591       4894       4895       4904       4903
      4621       4885       4886       4895       4894
      4651       4876       4877       4886       4885
      4681       4867       4868       4877       4876
      4711       4858       4859       4868       4867
      4741       4849       4850       4859       4858
      4771       4840       4841       4850       4849
      4801       4831       4832       4841       4840
      4831       4822       4823       4832       4831
      4861       4813       4814       4823       4822
      4891       4804       4805       4814       4813
      4921       4795       4796       4805       4804
      4951       4786       4787       4796       4795
      4981       4777       4778       4787       4786
      5011       4768       4769       4778       4777
      5041       4759       4760       4769       4768
      5071       4750       4751       4760       4759
      5101       4741       4742       4751       4750
      5131       4732       4733       4742       4741
      5161       4723       4724       4733       4732
      5191       4714       4715       4724       4723
      5221       4705       4706       4715       4714
      5251       4696       4697       4706       4705
      5281       4687       4688       4697       4696
      5311       4678       4679       4688       4687
      5341       4669       4670       4679       4678
      5371       3859       3860       4670       4669
      5401       4920       4921       4399       4398
      5431       4911       4912       4921       4920
      5461       4902       4903       4912       4911
      5491       4893       4894       4903       4902
      5521       4884       4885       4894       4893
      5551       4875       4876       4885       4884
      5581       4866       4867       4876       4875
      5611       4857       4858       4867       4866
      5641       4848       4849       4858       4857
      5671       4839       4840       4849       4848
      5701       4830       4831       4840       4839
      5731       4821       4822       4831       4830
      5761       4812       4813       4822       4821
      5791       4803       4804       4813       4812
      5821       4794       4795       4804       4803
      5851       4785       4786       4795       4794
      5881       4776       4777       4786       4785
      5911       4767       4768       4777       4776
      5941       4758       4759       4768       4767
      5971       4749       4750       4759       4758
      6001       4740       4741       4750       4749
      6031       4731       4732       4741       4740
      6061       4722       4723       4732       4731
      6091       4713       4714       4723       4722
      6121       4704       4705       4714       4713
      6151       4695       4696       4705       4704
      6181       4686       4687       4696       4695
      6211       4677       4678       4687       4686
      6241       4668       4669       4678       4677
      6271       3858       3859       4669       4668
      6301       4919       4920       4398       4397
      6331       4910       4911       4920       4919
      6361       4901       4902       4911       4910
      6391       4892       4893       4902       4901
      6421       4883       4884       4893       4892
      6451       4874       4875       4884       4883
      6481       4865       4866       4875       4874
      6511       4856       4857       4866       4865
      6541       4847       4848       4857       4856
      6571       4838       4839       4848       4847
      6601       4829       4830       4839       4838
      6631       4820       4821       4830       4829
      6661       4811       4812       4821       4820
      6691       4802       4803       4812       4811
      6721       4793       4794       4803       4802
      6751       4784       4785       4794       4793
      6781       4775       4776       4785       4784
      6811       4766       4767       4776       4775
      6841       4757       4758       4767       4766
      6871       4748       4749       4758       4757
      6901       4739       4740       4749       4748
      6931       4730       4731       4740       4739
      6961       4721       4722       4731       4730
      6991       4712       4713       4722       4721
      7021       4703       4704       4713       4712
      7051       4694       4695       4704       4703
      7081       4685       4686       4695       4694
      7111       4676       4677       4686       4685
      7141       4667       4668       4677       4676
      7171       3857       3858       4668       4667
      7201       4918       4919       4397       4396
      7231       4909       4910       4919       4918
      7261       4900       4901       4910       4909
      7291       4891       4892       4901       4900
      7321       4882       4883       4892       4891
      7351       4873       4874       4883       4882
      7381       4864       4865       4874       4873
      7411       4855       4856       4865       4864
      7441       4846       4847       4856       4855
      7471       4837       4838       4847       4846
      7501       4828       4829       4838       4837
      7531       4819       4820       4829       4828
      7561       4810       4811       4820       4819
      7591       4801       4802       4811       4810
      7621       4792       4793       4802       4801
      7651       4783       4784       4793       4792
      7681       4774       4775       4784       4783
      7711       4765       4766       4775       4774
      7741       4756       4757       4766       4765
      7771       4747       4748       4757       4756
      7801       4738       4739       4748       4747
      7831       4729       4730       4739       4738
      7861       4720       4721       4730       4729
      7891       4711       4712       4721       4720
      7921       4702       4703       4712       4711
      7951       4693       4694       4703       4702
      7981       4684       4685       4694       4693
      8011       4675       4676       4685       4684
      8041       4666       4667       4676       4675
      8071       3856       3857       4667       4666
      8101       4917       4918       4396       4395
      8131       4908       4909       4918       4917
      8161       4899       4900       4909       4908
      8191       4890       4891       4900       4899
      8221       4881       4882       4891       4890
      8251       4872       4873       4882       4881
      8281       4863       4864       4873       4872
      8311       4854       4855       4864       4863
      8341       4845       4846       4855       4854
      8371       4836       4837       4846       4845
      8401       4827       4828       4837       4836
      8431       4818       4819       4828       4827
      8461       4809       4810       4819       4818
      8491       4800       4801       4810       4809
      8521       4791       4792       4801       4800
      8551       4782       4783       4792       4791
      8581       4773       4774       4783       4782
      8611       4764       4765       4774       4773
      8641       4755       4756       4765       4764
      8671       4746       4747       4756       4755
      8701       4737       4738       4747       4746
      8731       4728       4729       4738       4737
      8761       4719       4720       4729       4728
      8791       4710       4711       4720       4719
      8821       4701       4702       4711       4710
      8851       4692       4693       4702       4701
      8881       4683       4684       4693       4692
      8911       4674       4675       4684       4683
      8941       4665       4666       4675       4674
      8971       3855       3856       4666       4665
      9001       4916       4917       4395       4394
      9031       4907       4908       4917       4916
      9061       4898       4899       4908       4907
      9091       4889       4890       4899       4898
      9121       4880       4881       4890       4889
      9151       4871       4872       4881       4880
      9181       4862       4863       4872       4871
      9211       4853       4854       4863       4862
      9241       4844       4845       4854       4853
      9271       4835       4836       4845       4844
      9301       4826       4827       4836       4835
      9331       4817       4818       4827       4826
      9361       4808       4809       4818       4817
      9391       4799       4800       4809       4808
      9421       4790       4791       4800       4799
      9451       4781       4782       4791       4790
      9481       4772       4773       4782       4781
      9511       4763       4764       4773       4772
      9541       4754       4755       4764       4763
      9571       4745       4746       4755       4754
      9601       4736       4737       4746       4745
      9631       4727       4728       4737       4736
      9661       4718       4719       4728       4727
      9691       4709       4710       4719       4718
      9721       4700       4701       4710       4709
      9751       4691       4692       4701       4700
      9781       4682       4683       4692       4691
      9811       4673       4674       4683       4682
      9841       4664       4665       4674       4673
      9871       3854       3855       4665       4664
      9901        964       4916       4394        962
      9931        965       4907       4916        964
      9961        966       4898       4907        965
      9991        967       4889       4898        966
     10021        968       4880       4889        967
     10051        969       4871       4880        968
     10081        970       4862       4871        969
     10111        971       4853       4862        970
     10141        972       4844       4853        971
     10171        973       4835       4844        972
     10201        974       4826       4835        973
     10231        975       4817       4826        974
     10261        976       4808       4817        975
     10291        977       4799       4808        976
     10321        978       4790       4799        977
     10351        979       4781       4790        978
     10381        980       4772       4781        979
     10411        981       4763       4772        980
     10441        982       4754       4763        981
     10471        983       4745       4754        982
     10501        984       4736       4745        983
     10531        985       4727       4736        984
     10561        986       4718       4727        985
     10591        987       4709       4718        986
     10621        988       4700       4709        987
     10651        989       4691       4700        988
     10681        990       4682       4691        989
     10711        991       4673       4682        990
     10741        992       4664       4673        991
     10771        963       3854       4664        992
