       900
      1801       2884       2886       3004       3003
      1802       3003       3004       3033       3002
      1803       3002       3033       3062       3001
      1804       3001       3062       3091       3000
      1805       3000       3091       3120       2999
      1806       2999       3120       3149       2998
      1807       2998       3149       3178       2997
      1808       2997       3178       3207       2996
      1809       2996       3207       3236       2995
      1810       2995       3236       3265       2994
      1811       2994       3265       3294       2993
      1812       2993       3294       3323       2992
      1813       2992       3323       3352       2991
      1814       2991       3352       3381       2990
      1815       2990       3381       3410       2989
      1816       2989       3410       3439       2988
      1817       2988       3439       3468       2987
      1818       2987       3468       3497       2986
      1819       2986       3497       3526       2985
      1820       2985       3526       3555       2984
      1821       2984       3555       3584       2983
      1822       2983       3584       3613       2982
      1823       2982       3613       3642       2981
      1824       2981       3642       3671       2980
      1825       2980       3671       3700       2979
      1826       2979       3700       3729       2978
      1827       2978       3729       3758       2977
      1828       2977       3758       3787       2976
      1829       2976       3787       3816       2975
      1830       2975       3816       2974       2945
      1831       2886       2887       3005       3004
      1832       3004       3005       3034       3033
      1833       3033       3034       3063       3062
      1834       3062       3063       3092       3091
      1835       3091       3092       3121       3120
      1836       3120       3121       3150       3149
      1837       3149       3150       3179       3178
      1838       3178       3179       3208       3207
      1839       3207       3208       3237       3236
      1840       3236       3237       3266       3265
      1841       3265       3266       3295       3294
      1842       3294       3295       3324       3323
      1843       3323       3324       3353       3352
      1844       3352       3353       3382       3381
      1845       3381       3382       3411       3410
      1846       3410       3411       3440       3439
      1847       3439       3440       3469       3468
      1848       3468       3469       3498       3497
      1849       3497       3498       3527       3526
      1850       3526       3527       3556       3555
      1851       3555       3556       3585       3584
      1852       3584       3585       3614       3613
      1853       3613       3614       3643       3642
      1854       3642       3643       3672       3671
      1855       3671       3672       3701       3700
      1856       3700       3701       3730       3729
      1857       3729       3730       3759       3758
      1858       3758       3759       3788       3787
      1859       3787       3788       3817       3816
      1860       3816       3817       2973       2974
      1861       2887       2888       3006       3005
      1862       3005       3006       3035       3034
      1863       3034       3035       3064       3063
      1864       3063       3064       3093       3092
      1865       3092       3093       3122       3121
      1866       3121       3122       3151       3150
      1867       3150       3151       3180       3179
      1868       3179       3180       3209       3208
      1869       3208       3209       3238       3237
      1870       3237       3238       3267       3266
      1871       3266       3267       3296       3295
      1872       3295       3296       3325       3324
      1873       3324       3325       3354       3353
      1874       3353       3354       3383       3382
      1875       3382       3383       3412       3411
      1876       3411       3412       3441       3440
      1877       3440       3441       3470       3469
      1878       3469       3470       3499       3498
      1879       3498       3499       3528       3527
      1880       3527       3528       3557       3556
      1881       3556       3557       3586       3585
      1882       3585       3586       3615       3614
      1883       3614       3615       3644       3643
      1884       3643       3644       3673       3672
      1885       3672       3673       3702       3701
      1886       3701       3702       3731       3730
      1887       3730       3731       3760       3759
      1888       3759       3760       3789       3788
      1889       3788       3789       3818       3817
      1890       3817       3818       2972       2973
      1891       2888       2889       3007       3006
      1892       3006       3007       3036       3035
      1893       3035       3036       3065       3064
      1894       3064       3065       3094       3093
      1895       3093       3094       3123       3122
      1896       3122       3123       3152       3151
      1897       3151       3152       3181       3180
      1898       3180       3181       3210       3209
      1899       3209       3210       3239       3238
      1900       3238       3239       3268       3267
      1901       3267       3268       3297       3296
      1902       3296       3297       3326       3325
      1903       3325       3326       3355       3354
      1904       3354       3355       3384       3383
      1905       3383       3384       3413       3412
      1906       3412       3413       3442       3441
      1907       3441       3442       3471       3470
      1908       3470       3471       3500       3499
      1909       3499       3500       3529       3528
      1910       3528       3529       3558       3557
      1911       3557       3558       3587       3586
      1912       3586       3587       3616       3615
      1913       3615       3616       3645       3644
      1914       3644       3645       3674       3673
      1915       3673       3674       3703       3702
      1916       3702       3703       3732       3731
      1917       3731       3732       3761       3760
      1918       3760       3761       3790       3789
      1919       3789       3790       3819       3818
      1920       3818       3819       2971       2972
      1921       2889       2890       3008       3007
      1922       3007       3008       3037       3036
      1923       3036       3037       3066       3065
      1924       3065       3066       3095       3094
      1925       3094       3095       3124       3123
      1926       3123       3124       3153       3152
      1927       3152       3153       3182       3181
      1928       3181       3182       3211       3210
      1929       3210       3211       3240       3239
      1930       3239       3240       3269       3268
      1931       3268       3269       3298       3297
      1932       3297       3298       3327       3326
      1933       3326       3327       3356       3355
      1934       3355       3356       3385       3384
      1935       3384       3385       3414       3413
      1936       3413       3414       3443       3442
      1937       3442       3443       3472       3471
      1938       3471       3472       3501       3500
      1939       3500       3501       3530       3529
      1940       3529       3530       3559       3558
      1941       3558       3559       3588       3587
      1942       3587       3588       3617       3616
      1943       3616       3617       3646       3645
      1944       3645       3646       3675       3674
      1945       3674       3675       3704       3703
      1946       3703       3704       3733       3732
      1947       3732       3733       3762       3761
      1948       3761       3762       3791       3790
      1949       3790       3791       3820       3819
      1950       3819       3820       2970       2971
      1951       2890       2891       3009       3008
      1952       3008       3009       3038       3037
      1953       3037       3038       3067       3066
      1954       3066       3067       3096       3095
      1955       3095       3096       3125       3124
      1956       3124       3125       3154       3153
      1957       3153       3154       3183       3182
      1958       3182       3183       3212       3211
      1959       3211       3212       3241       3240
      1960       3240       3241       3270       3269
      1961       3269       3270       3299       3298
      1962       3298       3299       3328       3327
      1963       3327       3328       3357       3356
      1964       3356       3357       3386       3385
      1965       3385       3386       3415       3414
      1966       3414       3415       3444       3443
      1967       3443       3444       3473       3472
      1968       3472       3473       3502       3501
      1969       3501       3502       3531       3530
      1970       3530       3531       3560       3559
      1971       3559       3560       3589       3588
      1972       3588       3589       3618       3617
      1973       3617       3618       3647       3646
      1974       3646       3647       3676       3675
      1975       3675       3676       3705       3704
      1976       3704       3705       3734       3733
      1977       3733       3734       3763       3762
      1978       3762       3763       3792       3791
      1979       3791       3792       3821       3820
      1980       3820       3821       2969       2970
      1981       2891       2892       3010       3009
      1982       3009       3010       3039       3038
      1983       3038       3039       3068       3067
      1984       3067       3068       3097       3096
      1985       3096       3097       3126       3125
      1986       3125       3126       3155       3154
      1987       3154       3155       3184       3183
      1988       3183       3184       3213       3212
      1989       3212       3213       3242       3241
      1990       3241       3242       3271       3270
      1991       3270       3271       3300       3299
      1992       3299       3300       3329       3328
      1993       3328       3329       3358       3357
      1994       3357       3358       3387       3386
      1995       3386       3387       3416       3415
      1996       3415       3416       3445       3444
      1997       3444       3445       3474       3473
      1998       3473       3474       3503       3502
      1999       3502       3503       3532       3531
      2000       3531       3532       3561       3560
      2001       3560       3561       3590       3589
      2002       3589       3590       3619       3618
      2003       3618       3619       3648       3647
      2004       3647       3648       3677       3676
      2005       3676       3677       3706       3705
      2006       3705       3706       3735       3734
      2007       3734       3735       3764       3763
      2008       3763       3764       3793       3792
      2009       3792       3793       3822       3821
      2010       3821       3822       2968       2969
      2011       2892       2893       3011       3010
      2012       3010       3011       3040       3039
      2013       3039       3040       3069       3068
      2014       3068       3069       3098       3097
      2015       3097       3098       3127       3126
      2016       3126       3127       3156       3155
      2017       3155       3156       3185       3184
      2018       3184       3185       3214       3213
      2019       3213       3214       3243       3242
      2020       3242       3243       3272       3271
      2021       3271       3272       3301       3300
      2022       3300       3301       3330       3329
      2023       3329       3330       3359       3358
      2024       3358       3359       3388       3387
      2025       3387       3388       3417       3416
      2026       3416       3417       3446       3445
      2027       3445       3446       3475       3474
      2028       3474       3475       3504       3503
      2029       3503       3504       3533       3532
      2030       3532       3533       3562       3561
      2031       3561       3562       3591       3590
      2032       3590       3591       3620       3619
      2033       3619       3620       3649       3648
      2034       3648       3649       3678       3677
      2035       3677       3678       3707       3706
      2036       3706       3707       3736       3735
      2037       3735       3736       3765       3764
      2038       3764       3765       3794       3793
      2039       3793       3794       3823       3822
      2040       3822       3823       2967       2968
      2041       2893       2894       3012       3011
      2042       3011       3012       3041       3040
      2043       3040       3041       3070       3069
      2044       3069       3070       3099       3098
      2045       3098       3099       3128       3127
      2046       3127       3128       3157       3156
      2047       3156       3157       3186       3185
      2048       3185       3186       3215       3214
      2049       3214       3215       3244       3243
      2050       3243       3244       3273       3272
      2051       3272       3273       3302       3301
      2052       3301       3302       3331       3330
      2053       3330       3331       3360       3359
      2054       3359       3360       3389       3388
      2055       3388       3389       3418       3417
      2056       3417       3418       3447       3446
      2057       3446       3447       3476       3475
      2058       3475       3476       3505       3504
      2059       3504       3505       3534       3533
      2060       3533       3534       3563       3562
      2061       3562       3563       3592       3591
      2062       3591       3592       3621       3620
      2063       3620       3621       3650       3649
      2064       3649       3650       3679       3678
      2065       3678       3679       3708       3707
      2066       3707       3708       3737       3736
      2067       3736       3737       3766       3765
      2068       3765       3766       3795       3794
      2069       3794       3795       3824       3823
      2070       3823       3824       2966       2967
      2071       2894       2895       3013       3012
      2072       3012       3013       3042       3041
      2073       3041       3042       3071       3070
      2074       3070       3071       3100       3099
      2075       3099       3100       3129       3128
      2076       3128       3129       3158       3157
      2077       3157       3158       3187       3186
      2078       3186       3187       3216       3215
      2079       3215       3216       3245       3244
      2080       3244       3245       3274       3273
      2081       3273       3274       3303       3302
      2082       3302       3303       3332       3331
      2083       3331       3332       3361       3360
      2084       3360       3361       3390       3389
      2085       3389       3390       3419       3418
      2086       3418       3419       3448       3447
      2087       3447       3448       3477       3476
      2088       3476       3477       3506       3505
      2089       3505       3506       3535       3534
      2090       3534       3535       3564       3563
      2091       3563       3564       3593       3592
      2092       3592       3593       3622       3621
      2093       3621       3622       3651       3650
      2094       3650       3651       3680       3679
      2095       3679       3680       3709       3708
      2096       3708       3709       3738       3737
      2097       3737       3738       3767       3766
      2098       3766       3767       3796       3795
      2099       3795       3796       3825       3824
      2100       3824       3825       2965       2966
      2101       2895       2896       3014       3013
      2102       3013       3014       3043       3042
      2103       3042       3043       3072       3071
      2104       3071       3072       3101       3100
      2105       3100       3101       3130       3129
      2106       3129       3130       3159       3158
      2107       3158       3159       3188       3187
      2108       3187       3188       3217       3216
      2109       3216       3217       3246       3245
      2110       3245       3246       3275       3274
      2111       3274       3275       3304       3303
      2112       3303       3304       3333       3332
      2113       3332       3333       3362       3361
      2114       3361       3362       3391       3390
      2115       3390       3391       3420       3419
      2116       3419       3420       3449       3448
      2117       3448       3449       3478       3477
      2118       3477       3478       3507       3506
      2119       3506       3507       3536       3535
      2120       3535       3536       3565       3564
      2121       3564       3565       3594       3593
      2122       3593       3594       3623       3622
      2123       3622       3623       3652       3651
      2124       3651       3652       3681       3680
      2125       3680       3681       3710       3709
      2126       3709       3710       3739       3738
      2127       3738       3739       3768       3767
      2128       3767       3768       3797       3796
      2129       3796       3797       3826       3825
      2130       3825       3826       2964       2965
      2131       2896       2897       3015       3014
      2132       3014       3015       3044       3043
      2133       3043       3044       3073       3072
      2134       3072       3073       3102       3101
      2135       3101       3102       3131       3130
      2136       3130       3131       3160       3159
      2137       3159       3160       3189       3188
      2138       3188       3189       3218       3217
      2139       3217       3218       3247       3246
      2140       3246       3247       3276       3275
      2141       3275       3276       3305       3304
      2142       3304       3305       3334       3333
      2143       3333       3334       3363       3362
      2144       3362       3363       3392       3391
      2145       3391       3392       3421       3420
      2146       3420       3421       3450       3449
      2147       3449       3450       3479       3478
      2148       3478       3479       3508       3507
      2149       3507       3508       3537       3536
      2150       3536       3537       3566       3565
      2151       3565       3566       3595       3594
      2152       3594       3595       3624       3623
      2153       3623       3624       3653       3652
      2154       3652       3653       3682       3681
      2155       3681       3682       3711       3710
      2156       3710       3711       3740       3739
      2157       3739       3740       3769       3768
      2158       3768       3769       3798       3797
      2159       3797       3798       3827       3826
      2160       3826       3827       2963       2964
      2161       2897       2898       3016       3015
      2162       3015       3016       3045       3044
      2163       3044       3045       3074       3073
      2164       3073       3074       3103       3102
      2165       3102       3103       3132       3131
      2166       3131       3132       3161       3160
      2167       3160       3161       3190       3189
      2168       3189       3190       3219       3218
      2169       3218       3219       3248       3247
      2170       3247       3248       3277       3276
      2171       3276       3277       3306       3305
      2172       3305       3306       3335       3334
      2173       3334       3335       3364       3363
      2174       3363       3364       3393       3392
      2175       3392       3393       3422       3421
      2176       3421       3422       3451       3450
      2177       3450       3451       3480       3479
      2178       3479       3480       3509       3508
      2179       3508       3509       3538       3537
      2180       3537       3538       3567       3566
      2181       3566       3567       3596       3595
      2182       3595       3596       3625       3624
      2183       3624       3625       3654       3653
      2184       3653       3654       3683       3682
      2185       3682       3683       3712       3711
      2186       3711       3712       3741       3740
      2187       3740       3741       3770       3769
      2188       3769       3770       3799       3798
      2189       3798       3799       3828       3827
      2190       3827       3828       2962       2963
      2191       2898       2899       3017       3016
      2192       3016       3017       3046       3045
      2193       3045       3046       3075       3074
      2194       3074       3075       3104       3103
      2195       3103       3104       3133       3132
      2196       3132       3133       3162       3161
      2197       3161       3162       3191       3190
      2198       3190       3191       3220       3219
      2199       3219       3220       3249       3248
      2200       3248       3249       3278       3277
      2201       3277       3278       3307       3306
      2202       3306       3307       3336       3335
      2203       3335       3336       3365       3364
      2204       3364       3365       3394       3393
      2205       3393       3394       3423       3422
      2206       3422       3423       3452       3451
      2207       3451       3452       3481       3480
      2208       3480       3481       3510       3509
      2209       3509       3510       3539       3538
      2210       3538       3539       3568       3567
      2211       3567       3568       3597       3596
      2212       3596       3597       3626       3625
      2213       3625       3626       3655       3654
      2214       3654       3655       3684       3683
      2215       3683       3684       3713       3712
      2216       3712       3713       3742       3741
      2217       3741       3742       3771       3770
      2218       3770       3771       3800       3799
      2219       3799       3800       3829       3828
      2220       3828       3829       2961       2962
      2221       2899       2900       3018       3017
      2222       3017       3018       3047       3046
      2223       3046       3047       3076       3075
      2224       3075       3076       3105       3104
      2225       3104       3105       3134       3133
      2226       3133       3134       3163       3162
      2227       3162       3163       3192       3191
      2228       3191       3192       3221       3220
      2229       3220       3221       3250       3249
      2230       3249       3250       3279       3278
      2231       3278       3279       3308       3307
      2232       3307       3308       3337       3336
      2233       3336       3337       3366       3365
      2234       3365       3366       3395       3394
      2235       3394       3395       3424       3423
      2236       3423       3424       3453       3452
      2237       3452       3453       3482       3481
      2238       3481       3482       3511       3510
      2239       3510       3511       3540       3539
      2240       3539       3540       3569       3568
      2241       3568       3569       3598       3597
      2242       3597       3598       3627       3626
      2243       3626       3627       3656       3655
      2244       3655       3656       3685       3684
      2245       3684       3685       3714       3713
      2246       3713       3714       3743       3742
      2247       3742       3743       3772       3771
      2248       3771       3772       3801       3800
      2249       3800       3801       3830       3829
      2250       3829       3830       2960       2961
      2251       2900       2901       3019       3018
      2252       3018       3019       3048       3047
      2253       3047       3048       3077       3076
      2254       3076       3077       3106       3105
      2255       3105       3106       3135       3134
      2256       3134       3135       3164       3163
      2257       3163       3164       3193       3192
      2258       3192       3193       3222       3221
      2259       3221       3222       3251       3250
      2260       3250       3251       3280       3279
      2261       3279       3280       3309       3308
      2262       3308       3309       3338       3337
      2263       3337       3338       3367       3366
      2264       3366       3367       3396       3395
      2265       3395       3396       3425       3424
      2266       3424       3425       3454       3453
      2267       3453       3454       3483       3482
      2268       3482       3483       3512       3511
      2269       3511       3512       3541       3540
      2270       3540       3541       3570       3569
      2271       3569       3570       3599       3598
      2272       3598       3599       3628       3627
      2273       3627       3628       3657       3656
      2274       3656       3657       3686       3685
      2275       3685       3686       3715       3714
      2276       3714       3715       3744       3743
      2277       3743       3744       3773       3772
      2278       3772       3773       3802       3801
      2279       3801       3802       3831       3830
      2280       3830       3831       2959       2960
      2281       2901       2902       3020       3019
      2282       3019       3020       3049       3048
      2283       3048       3049       3078       3077
      2284       3077       3078       3107       3106
      2285       3106       3107       3136       3135
      2286       3135       3136       3165       3164
      2287       3164       3165       3194       3193
      2288       3193       3194       3223       3222
      2289       3222       3223       3252       3251
      2290       3251       3252       3281       3280
      2291       3280       3281       3310       3309
      2292       3309       3310       3339       3338
      2293       3338       3339       3368       3367
      2294       3367       3368       3397       3396
      2295       3396       3397       3426       3425
      2296       3425       3426       3455       3454
      2297       3454       3455       3484       3483
      2298       3483       3484       3513       3512
      2299       3512       3513       3542       3541
      2300       3541       3542       3571       3570
      2301       3570       3571       3600       3599
      2302       3599       3600       3629       3628
      2303       3628       3629       3658       3657
      2304       3657       3658       3687       3686
      2305       3686       3687       3716       3715
      2306       3715       3716       3745       3744
      2307       3744       3745       3774       3773
      2308       3773       3774       3803       3802
      2309       3802       3803       3832       3831
      2310       3831       3832       2958       2959
      2311       2902       2903       3021       3020
      2312       3020       3021       3050       3049
      2313       3049       3050       3079       3078
      2314       3078       3079       3108       3107
      2315       3107       3108       3137       3136
      2316       3136       3137       3166       3165
      2317       3165       3166       3195       3194
      2318       3194       3195       3224       3223
      2319       3223       3224       3253       3252
      2320       3252       3253       3282       3281
      2321       3281       3282       3311       3310
      2322       3310       3311       3340       3339
      2323       3339       3340       3369       3368
      2324       3368       3369       3398       3397
      2325       3397       3398       3427       3426
      2326       3426       3427       3456       3455
      2327       3455       3456       3485       3484
      2328       3484       3485       3514       3513
      2329       3513       3514       3543       3542
      2330       3542       3543       3572       3571
      2331       3571       3572       3601       3600
      2332       3600       3601       3630       3629
      2333       3629       3630       3659       3658
      2334       3658       3659       3688       3687
      2335       3687       3688       3717       3716
      2336       3716       3717       3746       3745
      2337       3745       3746       3775       3774
      2338       3774       3775       3804       3803
      2339       3803       3804       3833       3832
      2340       3832       3833       2957       2958
      2341       2903       2904       3022       3021
      2342       3021       3022       3051       3050
      2343       3050       3051       3080       3079
      2344       3079       3080       3109       3108
      2345       3108       3109       3138       3137
      2346       3137       3138       3167       3166
      2347       3166       3167       3196       3195
      2348       3195       3196       3225       3224
      2349       3224       3225       3254       3253
      2350       3253       3254       3283       3282
      2351       3282       3283       3312       3311
      2352       3311       3312       3341       3340
      2353       3340       3341       3370       3369
      2354       3369       3370       3399       3398
      2355       3398       3399       3428       3427
      2356       3427       3428       3457       3456
      2357       3456       3457       3486       3485
      2358       3485       3486       3515       3514
      2359       3514       3515       3544       3543
      2360       3543       3544       3573       3572
      2361       3572       3573       3602       3601
      2362       3601       3602       3631       3630
      2363       3630       3631       3660       3659
      2364       3659       3660       3689       3688
      2365       3688       3689       3718       3717
      2366       3717       3718       3747       3746
      2367       3746       3747       3776       3775
      2368       3775       3776       3805       3804
      2369       3804       3805       3834       3833
      2370       3833       3834       2956       2957
      2371       2904       2905       3023       3022
      2372       3022       3023       3052       3051
      2373       3051       3052       3081       3080
      2374       3080       3081       3110       3109
      2375       3109       3110       3139       3138
      2376       3138       3139       3168       3167
      2377       3167       3168       3197       3196
      2378       3196       3197       3226       3225
      2379       3225       3226       3255       3254
      2380       3254       3255       3284       3283
      2381       3283       3284       3313       3312
      2382       3312       3313       3342       3341
      2383       3341       3342       3371       3370
      2384       3370       3371       3400       3399
      2385       3399       3400       3429       3428
      2386       3428       3429       3458       3457
      2387       3457       3458       3487       3486
      2388       3486       3487       3516       3515
      2389       3515       3516       3545       3544
      2390       3544       3545       3574       3573
      2391       3573       3574       3603       3602
      2392       3602       3603       3632       3631
      2393       3631       3632       3661       3660
      2394       3660       3661       3690       3689
      2395       3689       3690       3719       3718
      2396       3718       3719       3748       3747
      2397       3747       3748       3777       3776
      2398       3776       3777       3806       3805
      2399       3805       3806       3835       3834
      2400       3834       3835       2955       2956
      2401       2905       2906       3024       3023
      2402       3023       3024       3053       3052
      2403       3052       3053       3082       3081
      2404       3081       3082       3111       3110
      2405       3110       3111       3140       3139
      2406       3139       3140       3169       3168
      2407       3168       3169       3198       3197
      2408       3197       3198       3227       3226
      2409       3226       3227       3256       3255
      2410       3255       3256       3285       3284
      2411       3284       3285       3314       3313
      2412       3313       3314       3343       3342
      2413       3342       3343       3372       3371
      2414       3371       3372       3401       3400
      2415       3400       3401       3430       3429
      2416       3429       3430       3459       3458
      2417       3458       3459       3488       3487
      2418       3487       3488       3517       3516
      2419       3516       3517       3546       3545
      2420       3545       3546       3575       3574
      2421       3574       3575       3604       3603
      2422       3603       3604       3633       3632
      2423       3632       3633       3662       3661
      2424       3661       3662       3691       3690
      2425       3690       3691       3720       3719
      2426       3719       3720       3749       3748
      2427       3748       3749       3778       3777
      2428       3777       3778       3807       3806
      2429       3806       3807       3836       3835
      2430       3835       3836       2954       2955
      2431       2906       2907       3025       3024
      2432       3024       3025       3054       3053
      2433       3053       3054       3083       3082
      2434       3082       3083       3112       3111
      2435       3111       3112       3141       3140
      2436       3140       3141       3170       3169
      2437       3169       3170       3199       3198
      2438       3198       3199       3228       3227
      2439       3227       3228       3257       3256
      2440       3256       3257       3286       3285
      2441       3285       3286       3315       3314
      2442       3314       3315       3344       3343
      2443       3343       3344       3373       3372
      2444       3372       3373       3402       3401
      2445       3401       3402       3431       3430
      2446       3430       3431       3460       3459
      2447       3459       3460       3489       3488
      2448       3488       3489       3518       3517
      2449       3517       3518       3547       3546
      2450       3546       3547       3576       3575
      2451       3575       3576       3605       3604
      2452       3604       3605       3634       3633
      2453       3633       3634       3663       3662
      2454       3662       3663       3692       3691
      2455       3691       3692       3721       3720
      2456       3720       3721       3750       3749
      2457       3749       3750       3779       3778
      2458       3778       3779       3808       3807
      2459       3807       3808       3837       3836
      2460       3836       3837       2953       2954
      2461       2907       2908       3026       3025
      2462       3025       3026       3055       3054
      2463       3054       3055       3084       3083
      2464       3083       3084       3113       3112
      2465       3112       3113       3142       3141
      2466       3141       3142       3171       3170
      2467       3170       3171       3200       3199
      2468       3199       3200       3229       3228
      2469       3228       3229       3258       3257
      2470       3257       3258       3287       3286
      2471       3286       3287       3316       3315
      2472       3315       3316       3345       3344
      2473       3344       3345       3374       3373
      2474       3373       3374       3403       3402
      2475       3402       3403       3432       3431
      2476       3431       3432       3461       3460
      2477       3460       3461       3490       3489
      2478       3489       3490       3519       3518
      2479       3518       3519       3548       3547
      2480       3547       3548       3577       3576
      2481       3576       3577       3606       3605
      2482       3605       3606       3635       3634
      2483       3634       3635       3664       3663
      2484       3663       3664       3693       3692
      2485       3692       3693       3722       3721
      2486       3721       3722       3751       3750
      2487       3750       3751       3780       3779
      2488       3779       3780       3809       3808
      2489       3808       3809       3838       3837
      2490       3837       3838       2952       2953
      2491       2908       2909       3027       3026
      2492       3026       3027       3056       3055
      2493       3055       3056       3085       3084
      2494       3084       3085       3114       3113
      2495       3113       3114       3143       3142
      2496       3142       3143       3172       3171
      2497       3171       3172       3201       3200
      2498       3200       3201       3230       3229
      2499       3229       3230       3259       3258
      2500       3258       3259       3288       3287
      2501       3287       3288       3317       3316
      2502       3316       3317       3346       3345
      2503       3345       3346       3375       3374
      2504       3374       3375       3404       3403
      2505       3403       3404       3433       3432
      2506       3432       3433       3462       3461
      2507       3461       3462       3491       3490
      2508       3490       3491       3520       3519
      2509       3519       3520       3549       3548
      2510       3548       3549       3578       3577
      2511       3577       3578       3607       3606
      2512       3606       3607       3636       3635
      2513       3635       3636       3665       3664
      2514       3664       3665       3694       3693
      2515       3693       3694       3723       3722
      2516       3722       3723       3752       3751
      2517       3751       3752       3781       3780
      2518       3780       3781       3810       3809
      2519       3809       3810       3839       3838
      2520       3838       3839       2951       2952
      2521       2909       2910       3028       3027
      2522       3027       3028       3057       3056
      2523       3056       3057       3086       3085
      2524       3085       3086       3115       3114
      2525       3114       3115       3144       3143
      2526       3143       3144       3173       3172
      2527       3172       3173       3202       3201
      2528       3201       3202       3231       3230
      2529       3230       3231       3260       3259
      2530       3259       3260       3289       3288
      2531       3288       3289       3318       3317
      2532       3317       3318       3347       3346
      2533       3346       3347       3376       3375
      2534       3375       3376       3405       3404
      2535       3404       3405       3434       3433
      2536       3433       3434       3463       3462
      2537       3462       3463       3492       3491
      2538       3491       3492       3521       3520
      2539       3520       3521       3550       3549
      2540       3549       3550       3579       3578
      2541       3578       3579       3608       3607
      2542       3607       3608       3637       3636
      2543       3636       3637       3666       3665
      2544       3665       3666       3695       3694
      2545       3694       3695       3724       3723
      2546       3723       3724       3753       3752
      2547       3752       3753       3782       3781
      2548       3781       3782       3811       3810
      2549       3810       3811       3840       3839
      2550       3839       3840       2950       2951
      2551       2910       2911       3029       3028
      2552       3028       3029       3058       3057
      2553       3057       3058       3087       3086
      2554       3086       3087       3116       3115
      2555       3115       3116       3145       3144
      2556       3144       3145       3174       3173
      2557       3173       3174       3203       3202
      2558       3202       3203       3232       3231
      2559       3231       3232       3261       3260
      2560       3260       3261       3290       3289
      2561       3289       3290       3319       3318
      2562       3318       3319       3348       3347
      2563       3347       3348       3377       3376
      2564       3376       3377       3406       3405
      2565       3405       3406       3435       3434
      2566       3434       3435       3464       3463
      2567       3463       3464       3493       3492
      2568       3492       3493       3522       3521
      2569       3521       3522       3551       3550
      2570       3550       3551       3580       3579
      2571       3579       3580       3609       3608
      2572       3608       3609       3638       3637
      2573       3637       3638       3667       3666
      2574       3666       3667       3696       3695
      2575       3695       3696       3725       3724
      2576       3724       3725       3754       3753
      2577       3753       3754       3783       3782
      2578       3782       3783       3812       3811
      2579       3811       3812       3841       3840
      2580       3840       3841       2949       2950
      2581       2911       2912       3030       3029
      2582       3029       3030       3059       3058
      2583       3058       3059       3088       3087
      2584       3087       3088       3117       3116
      2585       3116       3117       3146       3145
      2586       3145       3146       3175       3174
      2587       3174       3175       3204       3203
      2588       3203       3204       3233       3232
      2589       3232       3233       3262       3261
      2590       3261       3262       3291       3290
      2591       3290       3291       3320       3319
      2592       3319       3320       3349       3348
      2593       3348       3349       3378       3377
      2594       3377       3378       3407       3406
      2595       3406       3407       3436       3435
      2596       3435       3436       3465       3464
      2597       3464       3465       3494       3493
      2598       3493       3494       3523       3522
      2599       3522       3523       3552       3551
      2600       3551       3552       3581       3580
      2601       3580       3581       3610       3609
      2602       3609       3610       3639       3638
      2603       3638       3639       3668       3667
      2604       3667       3668       3697       3696
      2605       3696       3697       3726       3725
      2606       3725       3726       3755       3754
      2607       3754       3755       3784       3783
      2608       3783       3784       3813       3812
      2609       3812       3813       3842       3841
      2610       3841       3842       2948       2949
      2611       2912       2913       3031       3030
      2612       3030       3031       3060       3059
      2613       3059       3060       3089       3088
      2614       3088       3089       3118       3117
      2615       3117       3118       3147       3146
      2616       3146       3147       3176       3175
      2617       3175       3176       3205       3204
      2618       3204       3205       3234       3233
      2619       3233       3234       3263       3262
      2620       3262       3263       3292       3291
      2621       3291       3292       3321       3320
      2622       3320       3321       3350       3349
      2623       3349       3350       3379       3378
      2624       3378       3379       3408       3407
      2625       3407       3408       3437       3436
      2626       3436       3437       3466       3465
      2627       3465       3466       3495       3494
      2628       3494       3495       3524       3523
      2629       3523       3524       3553       3552
      2630       3552       3553       3582       3581
      2631       3581       3582       3611       3610
      2632       3610       3611       3640       3639
      2633       3639       3640       3669       3668
      2634       3668       3669       3698       3697
      2635       3697       3698       3727       3726
      2636       3726       3727       3756       3755
      2637       3755       3756       3785       3784
      2638       3784       3785       3814       3813
      2639       3813       3814       3843       3842
      2640       3842       3843       2947       2948
      2641       2913       2914       3032       3031
      2642       3031       3032       3061       3060
      2643       3060       3061       3090       3089
      2644       3089       3090       3119       3118
      2645       3118       3119       3148       3147
      2646       3147       3148       3177       3176
      2647       3176       3177       3206       3205
      2648       3205       3206       3235       3234
      2649       3234       3235       3264       3263
      2650       3263       3264       3293       3292
      2651       3292       3293       3322       3321
      2652       3321       3322       3351       3350
      2653       3350       3351       3380       3379
      2654       3379       3380       3409       3408
      2655       3408       3409       3438       3437
      2656       3437       3438       3467       3466
      2657       3466       3467       3496       3495
      2658       3495       3496       3525       3524
      2659       3524       3525       3554       3553
      2660       3553       3554       3583       3582
      2661       3582       3583       3612       3611
      2662       3611       3612       3641       3640
      2663       3640       3641       3670       3669
      2664       3669       3670       3699       3698
      2665       3698       3699       3728       3727
      2666       3727       3728       3757       3756
      2667       3756       3757       3786       3785
      2668       3785       3786       3815       3814
      2669       3814       3815       3844       3843
      2670       3843       3844       2946       2947
      2671       2914       2885       2916       3032
      2672       3032       2916       2917       3061
      2673       3061       2917       2918       3090
      2674       3090       2918       2919       3119
      2675       3119       2919       2920       3148
      2676       3148       2920       2921       3177
      2677       3177       2921       2922       3206
      2678       3206       2922       2923       3235
      2679       3235       2923       2924       3264
      2680       3264       2924       2925       3293
      2681       3293       2925       2926       3322
      2682       3322       2926       2927       3351
      2683       3351       2927       2928       3380
      2684       3380       2928       2929       3409
      2685       3409       2929       2930       3438
      2686       3438       2930       2931       3467
      2687       3467       2931       2932       3496
      2688       3496       2932       2933       3525
      2689       3525       2933       2934       3554
      2690       3554       2934       2935       3583
      2691       3583       2935       2936       3612
      2692       3612       2936       2937       3641
      2693       3641       2937       2938       3670
      2694       3670       2938       2939       3699
      2695       3699       2939       2940       3728
      2696       3728       2940       2941       3757
      2697       3757       2941       2942       3786
      2698       3786       2942       2943       3815
      2699       3815       2943       2944       3844
      2700       3844       2944       2915       2946
