       360
         1         91       1983       1923         62
         2       1983       1024        993       1923
         3         90       1982       1983         91
         4       1982       1025       1024       1983
         5         89       1981       1982         90
         6       1981       1026       1025       1982
         7         88       1980       1981         89
         8       1980       1027       1026       1981
         9         87       1979       1980         88
        10       1979       1028       1027       1980
        11         86       1978       1979         87
        12       1978       1029       1028       1979
        13         85       1977       1978         86
        14       1977       1030       1029       1978
        15         84       1976       1977         85
        16       1976       1031       1030       1977
        17         83       1975       1976         84
        18       1975       1032       1031       1976
        19         82       1974       1975         83
        20       1974       1033       1032       1975
        21         81       1973       1974         82
        22       1973       1034       1033       1974
        23         80       1972       1973         81
        24       1972       1035       1034       1973
        25         79       1971       1972         80
        26       1971       1036       1035       1972
        27         78       1970       1971         79
        28       1970       1037       1036       1971
        29         77       1969       1970         78
        30       1969       1038       1037       1970
        31         76       1968       1969         77
        32       1968       1039       1038       1969
        33         75       1967       1968         76
        34       1967       1040       1039       1968
        35         74       1966       1967         75
        36       1966       1041       1040       1967
        37         73       1965       1966         74
        38       1965       1042       1041       1966
        39         72       1964       1965         73
        40       1964       1043       1042       1965
        41         71       1963       1964         72
        42       1963       1044       1043       1964
        43         70       1962       1963         71
        44       1962       1045       1044       1963
        45         69       1961       1962         70
        46       1961       1046       1045       1962
        47         68       1960       1961         69
        48       1960       1047       1046       1961
        49         67       1959       1960         68
        50       1959       1048       1047       1960
        51         66       1958       1959         67
        52       1958       1049       1048       1959
        53         65       1957       1958         66
        54       1957       1050       1049       1958
        55         64       1956       1957         65
        56       1956       1051       1050       1957
        57         63       1955       1956         64
        58       1955       1052       1051       1956
        59         32       1954       1955         63
        60       1954       1023       1052       1955
      1830       4132       2945       2974       4141
      1860       4141       2974       2973       4150
      1890       4150       2973       2972       4159
      1920       4159       2972       2971       4168
      1950       4168       2971       2970       4177
      1980       4177       2970       2969       4186
      2010       4186       2969       2968       4195
      2040       4195       2968       2967       4204
      2070       4204       2967       2966       4213
      2100       4213       2966       2965       4222
      2130       4222       2965       2964       4231
      2160       4231       2964       2963       4240
      2190       4240       2963       2962       4249
      2220       4249       2962       2961       4258
      2250       4258       2961       2960       4267
      2280       4267       2960       2959       4276
      2310       4276       2959       2958       4285
      2340       4285       2958       2957       4294
      2370       4294       2957       2956       4303
      2400       4303       2956       2955       4312
      2430       4312       2955       2954       4321
      2460       4321       2954       2953       4330
      2490       4330       2953       2952       4339
      2520       4339       2952       2951       4348
      2550       4348       2951       2950       4357
      2580       4357       2950       2949       4366
      2610       4366       2949       2948       4375
      2640       4375       2948       2947       4384
      2670       4384       2947       2946       4393
      2700       4393       2946       2915       3853
      2730       4131       4132       4141       4140
      2760       4140       4141       4150       4149
      2790       4149       4150       4159       4158
      2820       4158       4159       4168       4167
      2850       4167       4168       4177       4176
      2880       4176       4177       4186       4185
      2910       4185       4186       4195       4194
      2940       4194       4195       4204       4203
      2970       4203       4204       4213       4212
      3000       4212       4213       4222       4221
      3030       4221       4222       4231       4230
      3060       4230       4231       4240       4239
      3090       4239       4240       4249       4248
      3120       4248       4249       4258       4257
      3150       4257       4258       4267       4266
      3180       4266       4267       4276       4275
      3210       4275       4276       4285       4284
      3240       4284       4285       4294       4293
      3270       4293       4294       4303       4302
      3300       4302       4303       4312       4311
      3330       4311       4312       4321       4320
      3360       4320       4321       4330       4329
      3390       4329       4330       4339       4338
      3420       4338       4339       4348       4347
      3450       4347       4348       4357       4356
      3480       4356       4357       4366       4365
      3510       4365       4366       4375       4374
      3540       4374       4375       4384       4383
      3570       4383       4384       4393       4392
      3600       4392       4393       3853       3852
      3630       4130       4131       4140       4139
      3660       4139       4140       4149       4148
      3690       4148       4149       4158       4157
      3720       4157       4158       4167       4166
      3750       4166       4167       4176       4175
      3780       4175       4176       4185       4184
      3810       4184       4185       4194       4193
      3840       4193       4194       4203       4202
      3870       4202       4203       4212       4211
      3900       4211       4212       4221       4220
      3930       4220       4221       4230       4229
      3960       4229       4230       4239       4238
      3990       4238       4239       4248       4247
      4020       4247       4248       4257       4256
      4050       4256       4257       4266       4265
      4080       4265       4266       4275       4274
      4110       4274       4275       4284       4283
      4140       4283       4284       4293       4292
      4170       4292       4293       4302       4301
      4200       4301       4302       4311       4310
      4230       4310       4311       4320       4319
      4260       4319       4320       4329       4328
      4290       4328       4329       4338       4337
      4320       4337       4338       4347       4346
      4350       4346       4347       4356       4355
      4380       4355       4356       4365       4364
      4410       4364       4365       4374       4373
      4440       4373       4374       4383       4382
      4470       4382       4383       4392       4391
      4500       4391       4392       3852       3851
      4530       4129       4130       4139       4138
      4560       4138       4139       4148       4147
      4590       4147       4148       4157       4156
      4620       4156       4157       4166       4165
      4650       4165       4166       4175       4174
      4680       4174       4175       4184       4183
      4710       4183       4184       4193       4192
      4740       4192       4193       4202       4201
      4770       4201       4202       4211       4210
      4800       4210       4211       4220       4219
      4830       4219       4220       4229       4228
      4860       4228       4229       4238       4237
      4890       4237       4238       4247       4246
      4920       4246       4247       4256       4255
      4950       4255       4256       4265       4264
      4980       4264       4265       4274       4273
      5010       4273       4274       4283       4282
      5040       4282       4283       4292       4291
      5070       4291       4292       4301       4300
      5100       4300       4301       4310       4309
      5130       4309       4310       4319       4318
      5160       4318       4319       4328       4327
      5190       4327       4328       4337       4336
      5220       4336       4337       4346       4345
      5250       4345       4346       4355       4354
      5280       4354       4355       4364       4363
      5310       4363       4364       4373       4372
      5340       4372       4373       4382       4381
      5370       4381       4382       4391       4390
      5400       4390       4391       3851       3850
      5430       4128       4129       4138       4137
      5460       4137       4138       4147       4146
      5490       4146       4147       4156       4155
      5520       4155       4156       4165       4164
      5550       4164       4165       4174       4173
      5580       4173       4174       4183       4182
      5610       4182       4183       4192       4191
      5640       4191       4192       4201       4200
      5670       4200       4201       4210       4209
      5700       4209       4210       4219       4218
      5730       4218       4219       4228       4227
      5760       4227       4228       4237       4236
      5790       4236       4237       4246       4245
      5820       4245       4246       4255       4254
      5850       4254       4255       4264       4263
      5880       4263       4264       4273       4272
      5910       4272       4273       4282       4281
      5940       4281       4282       4291       4290
      5970       4290       4291       4300       4299
      6000       4299       4300       4309       4308
      6030       4308       4309       4318       4317
      6060       4317       4318       4327       4326
      6090       4326       4327       4336       4335
      6120       4335       4336       4345       4344
      6150       4344       4345       4354       4353
      6180       4353       4354       4363       4362
      6210       4362       4363       4372       4371
      6240       4371       4372       4381       4380
      6270       4380       4381       4390       4389
      6300       4389       4390       3850       3849
      6330       4127       4128       4137       4136
      6360       4136       4137       4146       4145
      6390       4145       4146       4155       4154
      6420       4154       4155       4164       4163
      6450       4163       4164       4173       4172
      6480       4172       4173       4182       4181
      6510       4181       4182       4191       4190
      6540       4190       4191       4200       4199
      6570       4199       4200       4209       4208
      6600       4208       4209       4218       4217
      6630       4217       4218       4227       4226
      6660       4226       4227       4236       4235
      6690       4235       4236       4245       4244
      6720       4244       4245       4254       4253
      6750       4253       4254       4263       4262
      6780       4262       4263       4272       4271
      6810       4271       4272       4281       4280
      6840       4280       4281       4290       4289
      6870       4289       4290       4299       4298
      6900       4298       4299       4308       4307
      6930       4307       4308       4317       4316
      6960       4316       4317       4326       4325
      6990       4325       4326       4335       4334
      7020       4334       4335       4344       4343
      7050       4343       4344       4353       4352
      7080       4352       4353       4362       4361
      7110       4361       4362       4371       4370
      7140       4370       4371       4380       4379
      7170       4379       4380       4389       4388
      7200       4388       4389       3849       3848
      7230       4126       4127       4136       4135
      7260       4135       4136       4145       4144
      7290       4144       4145       4154       4153
      7320       4153       4154       4163       4162
      7350       4162       4163       4172       4171
      7380       4171       4172       4181       4180
      7410       4180       4181       4190       4189
      7440       4189       4190       4199       4198
      7470       4198       4199       4208       4207
      7500       4207       4208       4217       4216
      7530       4216       4217       4226       4225
      7560       4225       4226       4235       4234
      7590       4234       4235       4244       4243
      7620       4243       4244       4253       4252
      7650       4252       4253       4262       4261
      7680       4261       4262       4271       4270
      7710       4270       4271       4280       4279
      7740       4279       4280       4289       4288
      7770       4288       4289       4298       4297
      7800       4297       4298       4307       4306
      7830       4306       4307       4316       4315
      7860       4315       4316       4325       4324
      7890       4324       4325       4334       4333
      7920       4333       4334       4343       4342
      7950       4342       4343       4352       4351
      7980       4351       4352       4361       4360
      8010       4360       4361       4370       4369
      8040       4369       4370       4379       4378
      8070       4378       4379       4388       4387
      8100       4387       4388       3848       3847
      8130       4125       4126       4135       4134
      8160       4134       4135       4144       4143
      8190       4143       4144       4153       4152
      8220       4152       4153       4162       4161
      8250       4161       4162       4171       4170
      8280       4170       4171       4180       4179
      8310       4179       4180       4189       4188
      8340       4188       4189       4198       4197
      8370       4197       4198       4207       4206
      8400       4206       4207       4216       4215
      8430       4215       4216       4225       4224
      8460       4224       4225       4234       4233
      8490       4233       4234       4243       4242
      8520       4242       4243       4252       4251
      8550       4251       4252       4261       4260
      8580       4260       4261       4270       4269
      8610       4269       4270       4279       4278
      8640       4278       4279       4288       4287
      8670       4287       4288       4297       4296
      8700       4296       4297       4306       4305
      8730       4305       4306       4315       4314
      8760       4314       4315       4324       4323
      8790       4323       4324       4333       4332
      8820       4332       4333       4342       4341
      8850       4341       4342       4351       4350
      8880       4350       4351       4360       4359
      8910       4359       4360       4369       4368
      8940       4368       4369       4378       4377
      8970       4377       4378       4387       4386
      9000       4386       4387       3847       3846
      9030       4124       4125       4134       4133
      9060       4133       4134       4143       4142
      9090       4142       4143       4152       4151
      9120       4151       4152       4161       4160
      9150       4160       4161       4170       4169
      9180       4169       4170       4179       4178
      9210       4178       4179       4188       4187
      9240       4187       4188       4197       4196
      9270       4196       4197       4206       4205
      9300       4205       4206       4215       4214
      9330       4214       4215       4224       4223
      9360       4223       4224       4233       4232
      9390       4232       4233       4242       4241
      9420       4241       4242       4251       4250
      9450       4250       4251       4260       4259
      9480       4259       4260       4269       4268
      9510       4268       4269       4278       4277
      9540       4277       4278       4287       4286
      9570       4286       4287       4296       4295
      9600       4295       4296       4305       4304
      9630       4304       4305       4314       4313
      9660       4313       4314       4323       4322
      9690       4322       4323       4332       4331
      9720       4331       4332       4341       4340
      9750       4340       4341       4350       4349
      9780       4349       4350       4359       4358
      9810       4358       4359       4368       4367
      9840       4367       4368       4377       4376
      9870       4376       4377       4386       4385
      9900       4385       4386       3846       3845
      9930       1023       4124       4133       1052
      9960       1052       4133       4142       1051
      9990       1051       4142       4151       1050
     10020       1050       4151       4160       1049
     10050       1049       4160       4169       1048
     10080       1048       4169       4178       1047
     10110       1047       4178       4187       1046
     10140       1046       4187       4196       1045
     10170       1045       4196       4205       1044
     10200       1044       4205       4214       1043
     10230       1043       4214       4223       1042
     10260       1042       4223       4232       1041
     10290       1041       4232       4241       1040
     10320       1040       4241       4250       1039
     10350       1039       4250       4259       1038
     10380       1038       4259       4268       1037
     10410       1037       4268       4277       1036
     10440       1036       4277       4286       1035
     10470       1035       4286       4295       1034
     10500       1034       4295       4304       1033
     10530       1033       4304       4313       1032
     10560       1032       4313       4322       1031
     10590       1031       4322       4331       1030
     10620       1030       4331       4340       1029
     10650       1029       4340       4349       1028
     10680       1028       4349       4358       1027
     10710       1027       4358       4367       1026
     10740       1026       4367       4376       1025
     10770       1025       4376       4385       1024
     10800       1024       4385       3845        993
