       360
        59         61       2013       1954         32
        60       2013       1053       1023       1954
       119         60       2012       2013         61
       120       2012       1054       1053       2013
       179         59       2011       2012         60
       180       2011       1055       1054       2012
       239         58       2010       2011         59
       240       2010       1056       1055       2011
       299         57       2009       2010         58
       300       2009       1057       1056       2010
       359         56       2008       2009         57
       360       2008       1058       1057       2009
       419         55       2007       2008         56
       420       2007       1059       1058       2008
       479         54       2006       2007         55
       480       2006       1060       1059       2007
       539         53       2005       2006         54
       540       2005       1061       1060       2006
       599         52       2004       2005         53
       600       2004       1062       1061       2005
       659         51       2003       2004         52
       660       2003       1063       1062       2004
       719         50       2002       2003         51
       720       2002       1064       1063       2003
       779         49       2001       2002         50
       780       2001       1065       1064       2002
       839         48       2000       2001         49
       840       2000       1066       1065       2001
       899         47       1999       2000         48
       900       1999       1067       1066       2000
       959         46       1998       1999         47
       960       1998       1068       1067       1999
      1019         45       1997       1998         46
      1020       1997       1069       1068       1998
      1079         44       1996       1997         45
      1080       1996       1070       1069       1997
      1139         43       1995       1996         44
      1140       1995       1071       1070       1996
      1199         42       1994       1995         43
      1200       1994       1072       1071       1995
      1259         41       1993       1994         42
      1260       1993       1073       1072       1994
      1319         40       1992       1993         41
      1320       1992       1074       1073       1993
      1379         39       1991       1992         40
      1380       1991       1075       1074       1992
      1439         38       1990       1991         39
      1440       1990       1076       1075       1991
      1499         37       1989       1990         38
      1500       1989       1077       1076       1990
      1559         36       1988       1989         37
      1560       1988       1078       1077       1989
      1619         35       1987       1988         36
      1620       1987       1079       1078       1988
      1679         34       1986       1987         35
      1680       1986       1080       1079       1987
      1739         33       1985       1986         34
      1740       1985       1081       1080       1986
      1799          2       1984       1985         33
      1800       1984        962       1081       1985
      1801       4402       2884       3003       4411
      1802       4411       3003       3002       4420
      1803       4420       3002       3001       4429
      1804       4429       3001       3000       4438
      1805       4438       3000       2999       4447
      1806       4447       2999       2998       4456
      1807       4456       2998       2997       4465
      1808       4465       2997       2996       4474
      1809       4474       2996       2995       4483
      1810       4483       2995       2994       4492
      1811       4492       2994       2993       4501
      1812       4501       2993       2992       4510
      1813       4510       2992       2991       4519
      1814       4519       2991       2990       4528
      1815       4528       2990       2989       4537
      1816       4537       2989       2988       4546
      1817       4546       2988       2987       4555
      1818       4555       2987       2986       4564
      1819       4564       2986       2985       4573
      1820       4573       2985       2984       4582
      1821       4582       2984       2983       4591
      1822       4591       2983       2982       4600
      1823       4600       2982       2981       4609
      1824       4609       2981       2980       4618
      1825       4618       2980       2979       4627
      1826       4627       2979       2978       4636
      1827       4636       2978       2977       4645
      1828       4645       2977       2976       4654
      1829       4654       2976       2975       4663
      1830       4663       2975       2945       4132
      2701       4401       4402       4411       4410
      2702       4410       4411       4420       4419
      2703       4419       4420       4429       4428
      2704       4428       4429       4438       4437
      2705       4437       4438       4447       4446
      2706       4446       4447       4456       4455
      2707       4455       4456       4465       4464
      2708       4464       4465       4474       4473
      2709       4473       4474       4483       4482
      2710       4482       4483       4492       4491
      2711       4491       4492       4501       4500
      2712       4500       4501       4510       4509
      2713       4509       4510       4519       4518
      2714       4518       4519       4528       4527
      2715       4527       4528       4537       4536
      2716       4536       4537       4546       4545
      2717       4545       4546       4555       4554
      2718       4554       4555       4564       4563
      2719       4563       4564       4573       4572
      2720       4572       4573       4582       4581
      2721       4581       4582       4591       4590
      2722       4590       4591       4600       4599
      2723       4599       4600       4609       4608
      2724       4608       4609       4618       4617
      2725       4617       4618       4627       4626
      2726       4626       4627       4636       4635
      2727       4635       4636       4645       4644
      2728       4644       4645       4654       4653
      2729       4653       4654       4663       4662
      2730       4662       4663       4132       4131
      3601       4400       4401       4410       4409
      3602       4409       4410       4419       4418
      3603       4418       4419       4428       4427
      3604       4427       4428       4437       4436
      3605       4436       4437       4446       4445
      3606       4445       4446       4455       4454
      3607       4454       4455       4464       4463
      3608       4463       4464       4473       4472
      3609       4472       4473       4482       4481
      3610       4481       4482       4491       4490
      3611       4490       4491       4500       4499
      3612       4499       4500       4509       4508
      3613       4508       4509       4518       4517
      3614       4517       4518       4527       4526
      3615       4526       4527       4536       4535
      3616       4535       4536       4545       4544
      3617       4544       4545       4554       4553
      3618       4553       4554       4563       4562
      3619       4562       4563       4572       4571
      3620       4571       4572       4581       4580
      3621       4580       4581       4590       4589
      3622       4589       4590       4599       4598
      3623       4598       4599       4608       4607
      3624       4607       4608       4617       4616
      3625       4616       4617       4626       4625
      3626       4625       4626       4635       4634
      3627       4634       4635       4644       4643
      3628       4643       4644       4653       4652
      3629       4652       4653       4662       4661
      3630       4661       4662       4131       4130
      4501       4399       4400       4409       4408
      4502       4408       4409       4418       4417
      4503       4417       4418       4427       4426
      4504       4426       4427       4436       4435
      4505       4435       4436       4445       4444
      4506       4444       4445       4454       4453
      4507       4453       4454       4463       4462
      4508       4462       4463       4472       4471
      4509       4471       4472       4481       4480
      4510       4480       4481       4490       4489
      4511       4489       4490       4499       4498
      4512       4498       4499       4508       4507
      4513       4507       4508       4517       4516
      4514       4516       4517       4526       4525
      4515       4525       4526       4535       4534
      4516       4534       4535       4544       4543
      4517       4543       4544       4553       4552
      4518       4552       4553       4562       4561
      4519       4561       4562       4571       4570
      4520       4570       4571       4580       4579
      4521       4579       4580       4589       4588
      4522       4588       4589       4598       4597
      4523       4597       4598       4607       4606
      4524       4606       4607       4616       4615
      4525       4615       4616       4625       4624
      4526       4624       4625       4634       4633
      4527       4633       4634       4643       4642
      4528       4642       4643       4652       4651
      4529       4651       4652       4661       4660
      4530       4660       4661       4130       4129
      5401       4398       4399       4408       4407
      5402       4407       4408       4417       4416
      5403       4416       4417       4426       4425
      5404       4425       4426       4435       4434
      5405       4434       4435       4444       4443
      5406       4443       4444       4453       4452
      5407       4452       4453       4462       4461
      5408       4461       4462       4471       4470
      5409       4470       4471       4480       4479
      5410       4479       4480       4489       4488
      5411       4488       4489       4498       4497
      5412       4497       4498       4507       4506
      5413       4506       4507       4516       4515
      5414       4515       4516       4525       4524
      5415       4524       4525       4534       4533
      5416       4533       4534       4543       4542
      5417       4542       4543       4552       4551
      5418       4551       4552       4561       4560
      5419       4560       4561       4570       4569
      5420       4569       4570       4579       4578
      5421       4578       4579       4588       4587
      5422       4587       4588       4597       4596
      5423       4596       4597       4606       4605
      5424       4605       4606       4615       4614
      5425       4614       4615       4624       4623
      5426       4623       4624       4633       4632
      5427       4632       4633       4642       4641
      5428       4641       4642       4651       4650
      5429       4650       4651       4660       4659
      5430       4659       4660       4129       4128
      6301       4397       4398       4407       4406
      6302       4406       4407       4416       4415
      6303       4415       4416       4425       4424
      6304       4424       4425       4434       4433
      6305       4433       4434       4443       4442
      6306       4442       4443       4452       4451
      6307       4451       4452       4461       4460
      6308       4460       4461       4470       4469
      6309       4469       4470       4479       4478
      6310       4478       4479       4488       4487
      6311       4487       4488       4497       4496
      6312       4496       4497       4506       4505
      6313       4505       4506       4515       4514
      6314       4514       4515       4524       4523
      6315       4523       4524       4533       4532
      6316       4532       4533       4542       4541
      6317       4541       4542       4551       4550
      6318       4550       4551       4560       4559
      6319       4559       4560       4569       4568
      6320       4568       4569       4578       4577
      6321       4577       4578       4587       4586
      6322       4586       4587       4596       4595
      6323       4595       4596       4605       4604
      6324       4604       4605       4614       4613
      6325       4613       4614       4623       4622
      6326       4622       4623       4632       4631
      6327       4631       4632       4641       4640
      6328       4640       4641       4650       4649
      6329       4649       4650       4659       4658
      6330       4658       4659       4128       4127
      7201       4396       4397       4406       4405
      7202       4405       4406       4415       4414
      7203       4414       4415       4424       4423
      7204       4423       4424       4433       4432
      7205       4432       4433       4442       4441
      7206       4441       4442       4451       4450
      7207       4450       4451       4460       4459
      7208       4459       4460       4469       4468
      7209       4468       4469       4478       4477
      7210       4477       4478       4487       4486
      7211       4486       4487       4496       4495
      7212       4495       4496       4505       4504
      7213       4504       4505       4514       4513
      7214       4513       4514       4523       4522
      7215       4522       4523       4532       4531
      7216       4531       4532       4541       4540
      7217       4540       4541       4550       4549
      7218       4549       4550       4559       4558
      7219       4558       4559       4568       4567
      7220       4567       4568       4577       4576
      7221       4576       4577       4586       4585
      7222       4585       4586       4595       4594
      7223       4594       4595       4604       4603
      7224       4603       4604       4613       4612
      7225       4612       4613       4622       4621
      7226       4621       4622       4631       4630
      7227       4630       4631       4640       4639
      7228       4639       4640       4649       4648
      7229       4648       4649       4658       4657
      7230       4657       4658       4127       4126
      8101       4395       4396       4405       4404
      8102       4404       4405       4414       4413
      8103       4413       4414       4423       4422
      8104       4422       4423       4432       4431
      8105       4431       4432       4441       4440
      8106       4440       4441       4450       4449
      8107       4449       4450       4459       4458
      8108       4458       4459       4468       4467
      8109       4467       4468       4477       4476
      8110       4476       4477       4486       4485
      8111       4485       4486       4495       4494
      8112       4494       4495       4504       4503
      8113       4503       4504       4513       4512
      8114       4512       4513       4522       4521
      8115       4521       4522       4531       4530
      8116       4530       4531       4540       4539
      8117       4539       4540       4549       4548
      8118       4548       4549       4558       4557
      8119       4557       4558       4567       4566
      8120       4566       4567       4576       4575
      8121       4575       4576       4585       4584
      8122       4584       4585       4594       4593
      8123       4593       4594       4603       4602
      8124       4602       4603       4612       4611
      8125       4611       4612       4621       4620
      8126       4620       4621       4630       4629
      8127       4629       4630       4639       4638
      8128       4638       4639       4648       4647
      8129       4647       4648       4657       4656
      8130       4656       4657       4126       4125
      9001       4394       4395       4404       4403
      9002       4403       4404       4413       4412
      9003       4412       4413       4422       4421
      9004       4421       4422       4431       4430
      9005       4430       4431       4440       4439
      9006       4439       4440       4449       4448
      9007       4448       4449       4458       4457
      9008       4457       4458       4467       4466
      9009       4466       4467       4476       4475
      9010       4475       4476       4485       4484
      9011       4484       4485       4494       4493
      9012       4493       4494       4503       4502
      9013       4502       4503       4512       4511
      9014       4511       4512       4521       4520
      9015       4520       4521       4530       4529
      9016       4529       4530       4539       4538
      9017       4538       4539       4548       4547
      9018       4547       4548       4557       4556
      9019       4556       4557       4566       4565
      9020       4565       4566       4575       4574
      9021       4574       4575       4584       4583
      9022       4583       4584       4593       4592
      9023       4592       4593       4602       4601
      9024       4601       4602       4611       4610
      9025       4610       4611       4620       4619
      9026       4619       4620       4629       4628
      9027       4628       4629       4638       4637
      9028       4637       4638       4647       4646
      9029       4646       4647       4656       4655
      9030       4655       4656       4125       4124
      9901        962       4394       4403       1081
      9902       1081       4403       4412       1080
      9903       1080       4412       4421       1079
      9904       1079       4421       4430       1078
      9905       1078       4430       4439       1077
      9906       1077       4439       4448       1076
      9907       1076       4448       4457       1075
      9908       1075       4457       4466       1074
      9909       1074       4466       4475       1073
      9910       1073       4475       4484       1072
      9911       1072       4484       4493       1071
      9912       1071       4493       4502       1070
      9913       1070       4502       4511       1069
      9914       1069       4511       4520       1068
      9915       1068       4520       4529       1067
      9916       1067       4529       4538       1066
      9917       1066       4538       4547       1065
      9918       1065       4547       4556       1064
      9919       1064       4556       4565       1063
      9920       1063       4565       4574       1062
      9921       1062       4574       4583       1061
      9922       1061       4583       4592       1060
      9923       1060       4592       4601       1059
      9924       1059       4601       4610       1058
      9925       1058       4610       4619       1057
      9926       1057       4619       4628       1056
      9927       1056       4628       4637       1055
      9928       1055       4637       4646       1054
      9929       1054       4646       4655       1053
      9930       1053       4655       4124       1023
