       900
         1         92        933         91         62
         3        933        934         90         91
         5        934        935         89         90
         7        935        936         88         89
         9        936        937         87         88
        11        937        938         86         87
        13        938        939         85         86
        15        939        940         84         85
        17        940        941         83         84
        19        941        942         82         83
        21        942        943         81         82
        23        943        944         80         81
        25        944        945         79         80
        27        945        946         78         79
        29        946        947         77         78
        31        947        948         76         77
        33        948        949         75         76
        35        949        950         74         75
        37        950        951         73         74
        39        951        952         72         73
        41        952        953         71         72
        43        953        954         70         71
        45        954        955         69         70
        47        955        956         68         69
        49        956        957         67         68
        51        957        958         66         67
        53        958        959         65         66
        55        959        960         64         65
        57        960        961         63         64
        59        961         61         32         63
        61         93        904        933         92
        63        904        905        934        933
        65        905        906        935        934
        67        906        907        936        935
        69        907        908        937        936
        71        908        909        938        937
        73        909        910        939        938
        75        910        911        940        939
        77        911        912        941        940
        79        912        913        942        941
        81        913        914        943        942
        83        914        915        944        943
        85        915        916        945        944
        87        916        917        946        945
        89        917        918        947        946
        91        918        919        948        947
        93        919        920        949        948
        95        920        921        950        949
        97        921        922        951        950
        99        922        923        952        951
       101        923        924        953        952
       103        924        925        954        953
       105        925        926        955        954
       107        926        927        956        955
       109        927        928        957        956
       111        928        929        958        957
       113        929        930        959        958
       115        930        931        960        959
       117        931        932        961        960
       119        932         60         61        961
       121         94        875        904         93
       123        875        876        905        904
       125        876        877        906        905
       127        877        878        907        906
       129        878        879        908        907
       131        879        880        909        908
       133        880        881        910        909
       135        881        882        911        910
       137        882        883        912        911
       139        883        884        913        912
       141        884        885        914        913
       143        885        886        915        914
       145        886        887        916        915
       147        887        888        917        916
       149        888        889        918        917
       151        889        890        919        918
       153        890        891        920        919
       155        891        892        921        920
       157        892        893        922        921
       159        893        894        923        922
       161        894        895        924        923
       163        895        896        925        924
       165        896        897        926        925
       167        897        898        927        926
       169        898        899        928        927
       171        899        900        929        928
       173        900        901        930        929
       175        901        902        931        930
       177        902        903        932        931
       179        903         59         60        932
       181         95        846        875         94
       183        846        847        876        875
       185        847        848        877        876
       187        848        849        878        877
       189        849        850        879        878
       191        850        851        880        879
       193        851        852        881        880
       195        852        853        882        881
       197        853        854        883        882
       199        854        855        884        883
       201        855        856        885        884
       203        856        857        886        885
       205        857        858        887        886
       207        858        859        888        887
       209        859        860        889        888
       211        860        861        890        889
       213        861        862        891        890
       215        862        863        892        891
       217        863        864        893        892
       219        864        865        894        893
       221        865        866        895        894
       223        866        867        896        895
       225        867        868        897        896
       227        868        869        898        897
       229        869        870        899        898
       231        870        871        900        899
       233        871        872        901        900
       235        872        873        902        901
       237        873        874        903        902
       239        874         58         59        903
       241         96        817        846         95
       243        817        818        847        846
       245        818        819        848        847
       247        819        820        849        848
       249        820        821        850        849
       251        821        822        851        850
       253        822        823        852        851
       255        823        824        853        852
       257        824        825        854        853
       259        825        826        855        854
       261        826        827        856        855
       263        827        828        857        856
       265        828        829        858        857
       267        829        830        859        858
       269        830        831        860        859
       271        831        832        861        860
       273        832        833        862        861
       275        833        834        863        862
       277        834        835        864        863
       279        835        836        865        864
       281        836        837        866        865
       283        837        838        867        866
       285        838        839        868        867
       287        839        840        869        868
       289        840        841        870        869
       291        841        842        871        870
       293        842        843        872        871
       295        843        844        873        872
       297        844        845        874        873
       299        845         57         58        874
       301         97        788        817         96
       303        788        789        818        817
       305        789        790        819        818
       307        790        791        820        819
       309        791        792        821        820
       311        792        793        822        821
       313        793        794        823        822
       315        794        795        824        823
       317        795        796        825        824
       319        796        797        826        825
       321        797        798        827        826
       323        798        799        828        827
       325        799        800        829        828
       327        800        801        830        829
       329        801        802        831        830
       331        802        803        832        831
       333        803        804        833        832
       335        804        805        834        833
       337        805        806        835        834
       339        806        807        836        835
       341        807        808        837        836
       343        808        809        838        837
       345        809        810        839        838
       347        810        811        840        839
       349        811        812        841        840
       351        812        813        842        841
       353        813        814        843        842
       355        814        815        844        843
       357        815        816        845        844
       359        816         56         57        845
       361         98        759        788         97
       363        759        760        789        788
       365        760        761        790        789
       367        761        762        791        790
       369        762        763        792        791
       371        763        764        793        792
       373        764        765        794        793
       375        765        766        795        794
       377        766        767        796        795
       379        767        768        797        796
       381        768        769        798        797
       383        769        770        799        798
       385        770        771        800        799
       387        771        772        801        800
       389        772        773        802        801
       391        773        774        803        802
       393        774        775        804        803
       395        775        776        805        804
       397        776        777        806        805
       399        777        778        807        806
       401        778        779        808        807
       403        779        780        809        808
       405        780        781        810        809
       407        781        782        811        810
       409        782        783        812        811
       411        783        784        813        812
       413        784        785        814        813
       415        785        786        815        814
       417        786        787        816        815
       419        787         55         56        816
       421         99        730        759         98
       423        730        731        760        759
       425        731        732        761        760
       427        732        733        762        761
       429        733        734        763        762
       431        734        735        764        763
       433        735        736        765        764
       435        736        737        766        765
       437        737        738        767        766
       439        738        739        768        767
       441        739        740        769        768
       443        740        741        770        769
       445        741        742        771        770
       447        742        743        772        771
       449        743        744        773        772
       451        744        745        774        773
       453        745        746        775        774
       455        746        747        776        775
       457        747        748        777        776
       459        748        749        778        777
       461        749        750        779        778
       463        750        751        780        779
       465        751        752        781        780
       467        752        753        782        781
       469        753        754        783        782
       471        754        755        784        783
       473        755        756        785        784
       475        756        757        786        785
       477        757        758        787        786
       479        758         54         55        787
       481        100        701        730         99
       483        701        702        731        730
       485        702        703        732        731
       487        703        704        733        732
       489        704        705        734        733
       491        705        706        735        734
       493        706        707        736        735
       495        707        708        737        736
       497        708        709        738        737
       499        709        710        739        738
       501        710        711        740        739
       503        711        712        741        740
       505        712        713        742        741
       507        713        714        743        742
       509        714        715        744        743
       511        715        716        745        744
       513        716        717        746        745
       515        717        718        747        746
       517        718        719        748        747
       519        719        720        749        748
       521        720        721        750        749
       523        721        722        751        750
       525        722        723        752        751
       527        723        724        753        752
       529        724        725        754        753
       531        725        726        755        754
       533        726        727        756        755
       535        727        728        757        756
       537        728        729        758        757
       539        729         53         54        758
       541        101        672        701        100
       543        672        673        702        701
       545        673        674        703        702
       547        674        675        704        703
       549        675        676        705        704
       551        676        677        706        705
       553        677        678        707        706
       555        678        679        708        707
       557        679        680        709        708
       559        680        681        710        709
       561        681        682        711        710
       563        682        683        712        711
       565        683        684        713        712
       567        684        685        714        713
       569        685        686        715        714
       571        686        687        716        715
       573        687        688        717        716
       575        688        689        718        717
       577        689        690        719        718
       579        690        691        720        719
       581        691        692        721        720
       583        692        693        722        721
       585        693        694        723        722
       587        694        695        724        723
       589        695        696        725        724
       591        696        697        726        725
       593        697        698        727        726
       595        698        699        728        727
       597        699        700        729        728
       599        700         52         53        729
       601        102        643        672        101
       603        643        644        673        672
       605        644        645        674        673
       607        645        646        675        674
       609        646        647        676        675
       611        647        648        677        676
       613        648        649        678        677
       615        649        650        679        678
       617        650        651        680        679
       619        651        652        681        680
       621        652        653        682        681
       623        653        654        683        682
       625        654        655        684        683
       627        655        656        685        684
       629        656        657        686        685
       631        657        658        687        686
       633        658        659        688        687
       635        659        660        689        688
       637        660        661        690        689
       639        661        662        691        690
       641        662        663        692        691
       643        663        664        693        692
       645        664        665        694        693
       647        665        666        695        694
       649        666        667        696        695
       651        667        668        697        696
       653        668        669        698        697
       655        669        670        699        698
       657        670        671        700        699
       659        671         51         52        700
       661        103        614        643        102
       663        614        615        644        643
       665        615        616        645        644
       667        616        617        646        645
       669        617        618        647        646
       671        618        619        648        647
       673        619        620        649        648
       675        620        621        650        649
       677        621        622        651        650
       679        622        623        652        651
       681        623        624        653        652
       683        624        625        654        653
       685        625        626        655        654
       687        626        627        656        655
       689        627        628        657        656
       691        628        629        658        657
       693        629        630        659        658
       695        630        631        660        659
       697        631        632        661        660
       699        632        633        662        661
       701        633        634        663        662
       703        634        635        664        663
       705        635        636        665        664
       707        636        637        666        665
       709        637        638        667        666
       711        638        639        668        667
       713        639        640        669        668
       715        640        641        670        669
       717        641        642        671        670
       719        642         50         51        671
       721        104        585        614        103
       723        585        586        615        614
       725        586        587        616        615
       727        587        588        617        616
       729        588        589        618        617
       731        589        590        619        618
       733        590        591        620        619
       735        591        592        621        620
       737        592        593        622        621
       739        593        594        623        622
       741        594        595        624        623
       743        595        596        625        624
       745        596        597        626        625
       747        597        598        627        626
       749        598        599        628        627
       751        599        600        629        628
       753        600        601        630        629
       755        601        602        631        630
       757        602        603        632        631
       759        603        604        633        632
       761        604        605        634        633
       763        605        606        635        634
       765        606        607        636        635
       767        607        608        637        636
       769        608        609        638        637
       771        609        610        639        638
       773        610        611        640        639
       775        611        612        641        640
       777        612        613        642        641
       779        613         49         50        642
       781        105        556        585        104
       783        556        557        586        585
       785        557        558        587        586
       787        558        559        588        587
       789        559        560        589        588
       791        560        561        590        589
       793        561        562        591        590
       795        562        563        592        591
       797        563        564        593        592
       799        564        565        594        593
       801        565        566        595        594
       803        566        567        596        595
       805        567        568        597        596
       807        568        569        598        597
       809        569        570        599        598
       811        570        571        600        599
       813        571        572        601        600
       815        572        573        602        601
       817        573        574        603        602
       819        574        575        604        603
       821        575        576        605        604
       823        576        577        606        605
       825        577        578        607        606
       827        578        579        608        607
       829        579        580        609        608
       831        580        581        610        609
       833        581        582        611        610
       835        582        583        612        611
       837        583        584        613        612
       839        584         48         49        613
       841        106        527        556        105
       843        527        528        557        556
       845        528        529        558        557
       847        529        530        559        558
       849        530        531        560        559
       851        531        532        561        560
       853        532        533        562        561
       855        533        534        563        562
       857        534        535        564        563
       859        535        536        565        564
       861        536        537        566        565
       863        537        538        567        566
       865        538        539        568        567
       867        539        540        569        568
       869        540        541        570        569
       871        541        542        571        570
       873        542        543        572        571
       875        543        544        573        572
       877        544        545        574        573
       879        545        546        575        574
       881        546        547        576        575
       883        547        548        577        576
       885        548        549        578        577
       887        549        550        579        578
       889        550        551        580        579
       891        551        552        581        580
       893        552        553        582        581
       895        553        554        583        582
       897        554        555        584        583
       899        555         47         48        584
       901        107        498        527        106
       903        498        499        528        527
       905        499        500        529        528
       907        500        501        530        529
       909        501        502        531        530
       911        502        503        532        531
       913        503        504        533        532
       915        504        505        534        533
       917        505        506        535        534
       919        506        507        536        535
       921        507        508        537        536
       923        508        509        538        537
       925        509        510        539        538
       927        510        511        540        539
       929        511        512        541        540
       931        512        513        542        541
       933        513        514        543        542
       935        514        515        544        543
       937        515        516        545        544
       939        516        517        546        545
       941        517        518        547        546
       943        518        519        548        547
       945        519        520        549        548
       947        520        521        550        549
       949        521        522        551        550
       951        522        523        552        551
       953        523        524        553        552
       955        524        525        554        553
       957        525        526        555        554
       959        526         46         47        555
       961        108        469        498        107
       963        469        470        499        498
       965        470        471        500        499
       967        471        472        501        500
       969        472        473        502        501
       971        473        474        503        502
       973        474        475        504        503
       975        475        476        505        504
       977        476        477        506        505
       979        477        478        507        506
       981        478        479        508        507
       983        479        480        509        508
       985        480        481        510        509
       987        481        482        511        510
       989        482        483        512        511
       991        483        484        513        512
       993        484        485        514        513
       995        485        486        515        514
       997        486        487        516        515
       999        487        488        517        516
      1001        488        489        518        517
      1003        489        490        519        518
      1005        490        491        520        519
      1007        491        492        521        520
      1009        492        493        522        521
      1011        493        494        523        522
      1013        494        495        524        523
      1015        495        496        525        524
      1017        496        497        526        525
      1019        497         45         46        526
      1021        109        440        469        108
      1023        440        441        470        469
      1025        441        442        471        470
      1027        442        443        472        471
      1029        443        444        473        472
      1031        444        445        474        473
      1033        445        446        475        474
      1035        446        447        476        475
      1037        447        448        477        476
      1039        448        449        478        477
      1041        449        450        479        478
      1043        450        451        480        479
      1045        451        452        481        480
      1047        452        453        482        481
      1049        453        454        483        482
      1051        454        455        484        483
      1053        455        456        485        484
      1055        456        457        486        485
      1057        457        458        487        486
      1059        458        459        488        487
      1061        459        460        489        488
      1063        460        461        490        489
      1065        461        462        491        490
      1067        462        463        492        491
      1069        463        464        493        492
      1071        464        465        494        493
      1073        465        466        495        494
      1075        466        467        496        495
      1077        467        468        497        496
      1079        468         44         45        497
      1081        110        411        440        109
      1083        411        412        441        440
      1085        412        413        442        441
      1087        413        414        443        442
      1089        414        415        444        443
      1091        415        416        445        444
      1093        416        417        446        445
      1095        417        418        447        446
      1097        418        419        448        447
      1099        419        420        449        448
      1101        420        421        450        449
      1103        421        422        451        450
      1105        422        423        452        451
      1107        423        424        453        452
      1109        424        425        454        453
      1111        425        426        455        454
      1113        426        427        456        455
      1115        427        428        457        456
      1117        428        429        458        457
      1119        429        430        459        458
      1121        430        431        460        459
      1123        431        432        461        460
      1125        432        433        462        461
      1127        433        434        463        462
      1129        434        435        464        463
      1131        435        436        465        464
      1133        436        437        466        465
      1135        437        438        467        466
      1137        438        439        468        467
      1139        439         43         44        468
      1141        111        382        411        110
      1143        382        383        412        411
      1145        383        384        413        412
      1147        384        385        414        413
      1149        385        386        415        414
      1151        386        387        416        415
      1153        387        388        417        416
      1155        388        389        418        417
      1157        389        390        419        418
      1159        390        391        420        419
      1161        391        392        421        420
      1163        392        393        422        421
      1165        393        394        423        422
      1167        394        395        424        423
      1169        395        396        425        424
      1171        396        397        426        425
      1173        397        398        427        426
      1175        398        399        428        427
      1177        399        400        429        428
      1179        400        401        430        429
      1181        401        402        431        430
      1183        402        403        432        431
      1185        403        404        433        432
      1187        404        405        434        433
      1189        405        406        435        434
      1191        406        407        436        435
      1193        407        408        437        436
      1195        408        409        438        437
      1197        409        410        439        438
      1199        410         42         43        439
      1201        112        353        382        111
      1203        353        354        383        382
      1205        354        355        384        383
      1207        355        356        385        384
      1209        356        357        386        385
      1211        357        358        387        386
      1213        358        359        388        387
      1215        359        360        389        388
      1217        360        361        390        389
      1219        361        362        391        390
      1221        362        363        392        391
      1223        363        364        393        392
      1225        364        365        394        393
      1227        365        366        395        394
      1229        366        367        396        395
      1231        367        368        397        396
      1233        368        369        398        397
      1235        369        370        399        398
      1237        370        371        400        399
      1239        371        372        401        400
      1241        372        373        402        401
      1243        373        374        403        402
      1245        374        375        404        403
      1247        375        376        405        404
      1249        376        377        406        405
      1251        377        378        407        406
      1253        378        379        408        407
      1255        379        380        409        408
      1257        380        381        410        409
      1259        381         41         42        410
      1261        113        324        353        112
      1263        324        325        354        353
      1265        325        326        355        354
      1267        326        327        356        355
      1269        327        328        357        356
      1271        328        329        358        357
      1273        329        330        359        358
      1275        330        331        360        359
      1277        331        332        361        360
      1279        332        333        362        361
      1281        333        334        363        362
      1283        334        335        364        363
      1285        335        336        365        364
      1287        336        337        366        365
      1289        337        338        367        366
      1291        338        339        368        367
      1293        339        340        369        368
      1295        340        341        370        369
      1297        341        342        371        370
      1299        342        343        372        371
      1301        343        344        373        372
      1303        344        345        374        373
      1305        345        346        375        374
      1307        346        347        376        375
      1309        347        348        377        376
      1311        348        349        378        377
      1313        349        350        379        378
      1315        350        351        380        379
      1317        351        352        381        380
      1319        352         40         41        381
      1321        114        295        324        113
      1323        295        296        325        324
      1325        296        297        326        325
      1327        297        298        327        326
      1329        298        299        328        327
      1331        299        300        329        328
      1333        300        301        330        329
      1335        301        302        331        330
      1337        302        303        332        331
      1339        303        304        333        332
      1341        304        305        334        333
      1343        305        306        335        334
      1345        306        307        336        335
      1347        307        308        337        336
      1349        308        309        338        337
      1351        309        310        339        338
      1353        310        311        340        339
      1355        311        312        341        340
      1357        312        313        342        341
      1359        313        314        343        342
      1361        314        315        344        343
      1363        315        316        345        344
      1365        316        317        346        345
      1367        317        318        347        346
      1369        318        319        348        347
      1371        319        320        349        348
      1373        320        321        350        349
      1375        321        322        351        350
      1377        322        323        352        351
      1379        323         39         40        352
      1381        115        266        295        114
      1383        266        267        296        295
      1385        267        268        297        296
      1387        268        269        298        297
      1389        269        270        299        298
      1391        270        271        300        299
      1393        271        272        301        300
      1395        272        273        302        301
      1397        273        274        303        302
      1399        274        275        304        303
      1401        275        276        305        304
      1403        276        277        306        305
      1405        277        278        307        306
      1407        278        279        308        307
      1409        279        280        309        308
      1411        280        281        310        309
      1413        281        282        311        310
      1415        282        283        312        311
      1417        283        284        313        312
      1419        284        285        314        313
      1421        285        286        315        314
      1423        286        287        316        315
      1425        287        288        317        316
      1427        288        289        318        317
      1429        289        290        319        318
      1431        290        291        320        319
      1433        291        292        321        320
      1435        292        293        322        321
      1437        293        294        323        322
      1439        294         38         39        323
      1441        116        237        266        115
      1443        237        238        267        266
      1445        238        239        268        267
      1447        239        240        269        268
      1449        240        241        270        269
      1451        241        242        271        270
      1453        242        243        272        271
      1455        243        244        273        272
      1457        244        245        274        273
      1459        245        246        275        274
      1461        246        247        276        275
      1463        247        248        277        276
      1465        248        249        278        277
      1467        249        250        279        278
      1469        250        251        280        279
      1471        251        252        281        280
      1473        252        253        282        281
      1475        253        254        283        282
      1477        254        255        284        283
      1479        255        256        285        284
      1481        256        257        286        285
      1483        257        258        287        286
      1485        258        259        288        287
      1487        259        260        289        288
      1489        260        261        290        289
      1491        261        262        291        290
      1493        262        263        292        291
      1495        263        264        293        292
      1497        264        265        294        293
      1499        265         37         38        294
      1501        117        208        237        116
      1503        208        209        238        237
      1505        209        210        239        238
      1507        210        211        240        239
      1509        211        212        241        240
      1511        212        213        242        241
      1513        213        214        243        242
      1515        214        215        244        243
      1517        215        216        245        244
      1519        216        217        246        245
      1521        217        218        247        246
      1523        218        219        248        247
      1525        219        220        249        248
      1527        220        221        250        249
      1529        221        222        251        250
      1531        222        223        252        251
      1533        223        224        253        252
      1535        224        225        254        253
      1537        225        226        255        254
      1539        226        227        256        255
      1541        227        228        257        256
      1543        228        229        258        257
      1545        229        230        259        258
      1547        230        231        260        259
      1549        231        232        261        260
      1551        232        233        262        261
      1553        233        234        263        262
      1555        234        235        264        263
      1557        235        236        265        264
      1559        236         36         37        265
      1561        118        179        208        117
      1563        179        180        209        208
      1565        180        181        210        209
      1567        181        182        211        210
      1569        182        183        212        211
      1571        183        184        213        212
      1573        184        185        214        213
      1575        185        186        215        214
      1577        186        187        216        215
      1579        187        188        217        216
      1581        188        189        218        217
      1583        189        190        219        218
      1585        190        191        220        219
      1587        191        192        221        220
      1589        192        193        222        221
      1591        193        194        223        222
      1593        194        195        224        223
      1595        195        196        225        224
      1597        196        197        226        225
      1599        197        198        227        226
      1601        198        199        228        227
      1603        199        200        229        228
      1605        200        201        230        229
      1607        201        202        231        230
      1609        202        203        232        231
      1611        203        204        233        232
      1613        204        205        234        233
      1615        205        206        235        234
      1617        206        207        236        235
      1619        207         35         36        236
      1621        119        150        179        118
      1623        150        151        180        179
      1625        151        152        181        180
      1627        152        153        182        181
      1629        153        154        183        182
      1631        154        155        184        183
      1633        155        156        185        184
      1635        156        157        186        185
      1637        157        158        187        186
      1639        158        159        188        187
      1641        159        160        189        188
      1643        160        161        190        189
      1645        161        162        191        190
      1647        162        163        192        191
      1649        163        164        193        192
      1651        164        165        194        193
      1653        165        166        195        194
      1655        166        167        196        195
      1657        167        168        197        196
      1659        168        169        198        197
      1661        169        170        199        198
      1663        170        171        200        199
      1665        171        172        201        200
      1667        172        173        202        201
      1669        173        174        203        202
      1671        174        175        204        203
      1673        175        176        205        204
      1675        176        177        206        205
      1677        177        178        207        206
      1679        178         34         35        207
      1681        120        121        150        119
      1683        121        122        151        150
      1685        122        123        152        151
      1687        123        124        153        152
      1689        124        125        154        153
      1691        125        126        155        154
      1693        126        127        156        155
      1695        127        128        157        156
      1697        128        129        158        157
      1699        129        130        159        158
      1701        130        131        160        159
      1703        131        132        161        160
      1705        132        133        162        161
      1707        133        134        163        162
      1709        134        135        164        163
      1711        135        136        165        164
      1713        136        137        166        165
      1715        137        138        167        166
      1717        138        139        168        167
      1719        139        140        169        168
      1721        140        141        170        169
      1723        141        142        171        170
      1725        142        143        172        171
      1727        143        144        173        172
      1729        144        145        174        173
      1731        145        146        175        174
      1733        146        147        176        175
      1735        147        148        177        176
      1737        148        149        178        177
      1739        149         33         34        178
      1741          1          3        121        120
      1743          3          4        122        121
      1745          4          5        123        122
      1747          5          6        124        123
      1749          6          7        125        124
      1751          7          8        126        125
      1753          8          9        127        126
      1755          9         10        128        127
      1757         10         11        129        128
      1759         11         12        130        129
      1761         12         13        131        130
      1763         13         14        132        131
      1765         14         15        133        132
      1767         15         16        134        133
      1769         16         17        135        134
      1771         17         18        136        135
      1773         18         19        137        136
      1775         19         20        138        137
      1777         20         21        139        138
      1779         21         22        140        139
      1781         22         23        141        140
      1783         23         24        142        141
      1785         24         25        143        142
      1787         25         26        144        143
      1789         26         27        145        144
      1791         27         28        146        145
      1793         28         29        147        146
      1795         29         30        148        147
      1797         30         31        149        148
      1799         31          2         33        149
